0.000000000000000000e+00 1.436000000000000000e+03 1.436000000000000000e+03 1.436000000000000000e+03 1.436000000000000000e+03 1.436000000000000000e+03 1.436000000000000000e+03 1.436000000000000000e+03
1.989842902980386574e+00 1.422408208720638413e+03 1.410147296548188251e+03 1.436000000000000000e+03 1.436000000000000000e+03 1.436000000000000000e+03 1.436000000000000000e+03 1.436000000000000000e+03
4.004842637545607431e+00 6.086958777680259800e+02 4.910608403390355079e+02 1.436000000000000000e+03 1.436000000000000000e+03 1.436000000000000000e+03 1.436000000000000000e+03 1.435999999999882448e+03
5.978677932149162544e+00 4.169132546150622716e+02 4.118283332757970356e+02 1.436000000000000000e+03 1.435999999999990223e+03 1.435999999998960448e+03 1.436000000000000000e+03 1.435999999213494448e+03
8.009827062871599068e+00 4.050974082169336725e+02 4.038315407196751039e+02 1.436000000000000000e+03 1.435999999993376150e+03 1.435999999886390015e+03 1.436000000000000000e+03 1.435999765371602734e+03
1.002021572675855765e+01 4.023634313292570823e+02 4.018273471919781059e+02 1.436000000000000000e+03 1.435999999560739070e+03 1.435999996646430873e+03 1.436000000000000000e+03 1.435987692604317317e+03
1.202481123235936167e+01 4.011247570487896041e+02 4.009427260020959807e+02 1.436000000000000000e+03 1.435999992042108033e+03 1.435999961746432291e+03 1.436000000000000000e+03 1.435808022991383496e+03
1.398274579466876233e+01 4.006369678509607297e+02 4.005835158964328571e+02 1.435999999999992497e+03 1.435999949087506138e+03 1.435999790357637721e+03 1.436000000000000000e+03 1.434836169905030147e+03
1.606566173067565373e+01 4.004768545634294696e+02 4.004726582451254444e+02 1.435999999999967713e+03 1.435999846724372674e+03 1.435999280888424437e+03 1.436000000000000000e+03 1.432514500412564075e+03
1.801166380513506482e+01 4.005164805055005104e+02 4.005390002401154561e+02 1.435999999998368367e+03 1.435999700697199387e+03 1.435998343139459166e+03 1.436000000000000000e+03 1.430116400699810811e+03
2.006989920552582873e+01 4.023052409559292641e+02 4.015551656804758522e+02 1.081611915388555190e+03 1.435999505426943415e+03 1.435996729896151464e+03 1.436000000000000000e+03 1.428053460026365428e+03
2.203393403339934764e+01 4.087589963223512086e+02 4.046254056471527178e+02 4.351795280330952096e+02 1.435999276920613511e+03 1.435994274167130698e+03 1.436000000000000000e+03 1.425325446531627222e+03
2.378317307725402685e+01 4.171252336539491807e+02 4.090705078059937136e+02 4.100164991645762598e+02 1.435998973151927885e+03 1.435990741769462375e+03 1.436000000000000000e+03 1.421015126186562611e+03
2.584587113012980453e+01 4.292761440188026540e+02 4.156714972580351741e+02 4.011140987088497241e+02 1.435998366314853456e+03 1.435984133146407657e+03 1.436000000000000000e+03 1.412700114646029078e+03
2.808545311771691999e+01 4.304220620212569202e+02 4.216718161354195331e+02 4.006031311420600218e+02 1.435997234226848377e+03 1.435973095544351281e+03 1.436000000000000000e+03 1.399672549283096714e+03
3.002032156315914335e+01 4.180997700565342825e+02 4.210502693562977470e+02 4.101704282877688001e+02 1.435995660235731748e+03 1.435959510652315885e+03 1.436000000000000000e+03 1.385706234637963462e+03
3.177094132311322028e+01 4.136355927649682940e+02 4.142480403446669470e+02 4.538674738210439159e+02 1.435993738708184082e+03 1.435944148028230757e+03 1.436000000000000000e+03 1.372514870746575525e+03
3.414753283063689793e+01 4.203909676399514979e+02 4.062129213681229203e+02 6.072657247067293156e+02 1.435990334819505961e+03 1.435919191621303298e+03 1.436000000000000000e+03 1.355536128487790620e+03
3.579313321830480277e+01 4.347827786874431695e+02 4.059701257616652583e+02 7.371012949405021573e+02 1.435987712173891396e+03 1.435900385420037310e+03 1.436000000000000000e+03 1.345780504046814485e+03
3.806560261433735803e+01 4.897836752229264903e+02 4.119866992117370614e+02 5.423807463389714485e+02 1.435983837332321400e+03 1.435872326829408621e+03 1.436000000000000000e+03 1.334925463774778109e+03
3.993259469189199962e+01 5.543265492536684178e+02 4.198574802961778687e+02 4.447258974529861462e+02 1.435980399555847271e+03 1.435846731331076853e+03 1.436000000000000000e+03 1.327216000652392495e+03
4.198828451366654946e+01 6.159243885670557574e+02 4.371318559430171149e+02 4.108578974742243872e+02 1.435976255185531954e+03 1.435815523015533927e+03 1.436000000000000000e+03 1.319211750663242583e+03
4.404655776664462508e+01 6.686866856261140128e+02 4.982362886119549898e+02 4.029513549139695101e+02 1.435971702997496322e+03 1.435782454726521792e+03 1.436000000000000000e+03 1.310656549210415960e+03
4.603227038066260945e+01 7.153379737219281651e+02 5.846325053545562014e+02 4.011724274186337880e+02 1.435966823540600672e+03 1.435750478139346342e+03 1.436000000000000000e+03 1.300779310997472749e+03
4.797901246194099656e+01 7.651520556798402595e+02 6.578895907335864877e+02 4.005340394736118697e+02 1.435961448189888642e+03 1.435719517659396615e+03 1.436000000000000000e+03 1.289316501120531484e+03
4.999739466271063293e+01 8.164833779646487528e+02 7.186494314578493459e+02 4.002505209622436269e+02 1.435954840262089874e+03 1.435688798794460126e+03 1.436000000000000000e+03 1.275238112627204373e+03
5.194692763865293728e+01 8.682829667228972994e+02 7.641927190804049133e+02 4.001745462473030557e+02 1.435947208848597711e+03 1.435660205798429160e+03 1.436000000000000000e+03 1.260528242947099443e+03
5.405899730190557761e+01 9.259063501669792231e+02 8.005794261368127991e+02 4.001453098141996065e+02 1.435937055527305120e+03 1.435630238400120106e+03 1.436000000000000000e+03 1.244075882820563947e+03
5.590978360159729021e+01 9.683037546119682020e+02 8.279127413486336309e+02 4.001364392611316134e+02 1.435925890826027626e+03 1.435604866796825263e+03 1.436000000000000000e+03 1.229454459077523552e+03
5.806239377057076467e+01 1.016859605726918971e+03 8.514851132903685311e+02 4.001319868532309556e+02 1.435909411193071037e+03 1.435576535754335737e+03 1.436000000000000000e+03 1.212822316384857459e+03
5.993479070964672673e+01 1.048000492295086588e+03 8.734617902535729854e+02 4.001301804806163886e+02 1.435890559188159841e+03 1.435552371799666162e+03 1.436000000000000000e+03 1.198336473260191724e+03
6.206967317843806597e+01 1.069775624975203527e+03 9.023836157901637307e+02 4.001295174759088695e+02 1.435861300661811356e+03 1.435524955027029137e+03 1.436000000000000000e+03 1.180352725321928574e+03
6.411904858803542595e+01 1.088256048248619663e+03 9.259979953700163833e+02 4.001289060781718945e+02 1.435823951008143922e+03 1.435498947435255786e+03 1.436000000000000000e+03 1.162619264527651694e+03
6.587107963276693567e+01 1.101973006346339616e+03 9.443291505966651584e+02 4.001285078668232131e+02 1.435782614593414110e+03 1.435476648677719822e+03 1.436000000000000000e+03 1.147758897098476154e+03
6.806987216823208087e+01 1.118181691735689355e+03 9.645514286984840737e+02 4.001279475217536401e+02 1.435715196481242629e+03 1.435448466442066547e+03 1.436000000000000000e+03 1.130460289002331820e+03
6.994624101871127664e+01 1.127345217020333621e+03 9.844186128725417575e+02 4.001279903752077871e+02 1.435638696144820869e+03 1.435423664706926957e+03 1.436000000000000000e+03 1.117514258686461289e+03
7.202312602019955534e+01 1.138009137624281720e+03 9.993954291030212289e+02 4.001269507610938945e+02 1.435531763237642053e+03 1.435396070887219594e+03 1.436000000000000000e+03 1.109362915568224025e+03
7.391167232625096517e+01 1.143116623090623989e+03 1.012094389123732185e+03 4.001263862262337625e+02 1.435406630576568432e+03 1.435370057627203551e+03 1.436000000000000000e+03 1.111646217302594323e+03
7.594302904273533272e+01 1.144953267186249604e+03 1.029192400507718730e+03 4.001265847073524355e+02 1.435232723332999967e+03 1.435340258715350956e+03 1.436000000000000000e+03 1.119959216652315490e+03
7.802260651985035622e+01 1.146203553491161529e+03 1.047697366897489701e+03 4.001268722550781263e+02 1.435005684624100923e+03 1.435307880621589902e+03 1.436000000000000000e+03 1.131252585831988881e+03
7.998425182207427042e+01 1.147409947423995163e+03 1.064680994503306238e+03 4.001271820176273764e+02 1.434740363875973117e+03 1.435275430639963133e+03 1.436000000000000000e+03 1.141672603872683794e+03
8.184433765527727189e+01 1.148653229602905185e+03 1.080712541662018793e+03 4.001280930856435702e+02 1.434436753838553614e+03 1.435242633556285227e+03 1.436000000000000000e+03 1.148922790963569014e+03
8.378471041112878481e+01 1.150574473622662026e+03 1.098059177577976925e+03 4.001304812185065316e+02 1.434057805153479876e+03 1.435206095785417347e+03 1.436000000000000000e+03 1.151266720437550475e+03
8.582746189741398268e+01 1.153805749360515165e+03 1.112491174812912050e+03 4.001324395623154260e+02 1.433600830704630198e+03 1.435165202199694477e+03 1.436000000000000000e+03 1.151455411543113541e+03
8.800226999142601869e+01 1.157254277137494455e+03 1.126565276988180813e+03 4.001334118094458745e+02 1.433044881987713097e+03 1.435118205398127657e+03 1.436000000000000000e+03 1.150237544324929104e+03
9.009753973734352428e+01 1.159753633915316641e+03 1.136687578380435298e+03 4.001308060420061565e+02 1.432456877471406415e+03 1.435068682560566913e+03 1.436000000000000000e+03 1.150409289919287403e+03
9.180515975498269654e+01 1.161337173111445736e+03 1.144815587440425816e+03 4.001311849310274056e+02 1.431930288931778023e+03 1.435025571000222499e+03 1.436000000000000000e+03 1.149592425312997420e+03
9.382258109974380034e+01 1.162823348207221670e+03 1.151815970022247257e+03 4.001308658306899133e+02 1.431269225690567964e+03 1.434970776372998898e+03 1.436000000000000000e+03 1.148533972563127691e+03
9.587453802912563106e+01 1.163504444363146604e+03 1.156012659680241086e+03 4.001290877615042518e+02 1.430558295548441720e+03 1.434909950299415414e+03 1.436000000000000000e+03 1.147406164160136996e+03
9.808032782138062089e+01 1.165340217880650016e+03 1.162583273405502268e+03 4.001309137223591392e+02 1.429715271678695672e+03 1.434840754590146389e+03 1.436000000000000000e+03 1.144438035478290658e+03
9.980548599128623266e+01 1.166643515150916755e+03 1.167409963366434113e+03 4.001318267361820062e+02 1.429023098108411205e+03 1.434782875667280678e+03 1.436000000000000000e+03 1.141867506504994935e+03
1.017631570348254968e+02 1.167582719956466008e+03 1.174025251177401515e+03 4.001328637017156780e+02 1.428198809263152953e+03 1.434713632735653164e+03 1.436000000000000000e+03 1.138886535731685854e+03
1.043651232880841491e+02 1.168635485361851806e+03 1.182176276822949603e+03 4.001368379804313804e+02 1.427014580277920004e+03 1.434614763494575755e+03 1.436000000000000000e+03 1.134986718448375768e+03
1.055987240235134550e+02 1.169885378906889855e+03 1.178969492362498386e+03 4.001431084772347049e+02 1.426401818383806813e+03 1.434564398872570109e+03 1.436000000000000000e+03 1.133051272118235602e+03
1.084422716423757436e+02 1.173939099508624167e+03 1.120633177232942217e+03 4.001685602169362141e+02 1.424954904761882290e+03 1.434439970825374530e+03 1.435999999999998863e+03 1.128894312728274599e+03
1.101180966318691929e+02 1.176578384090860254e+03 1.030038001049467994e+03 4.002549721280181529e+02 1.424091298531744769e+03 1.434360247308209182e+03 1.435999999999996817e+03 1.126923215947224435e+03
1.118568067205665670e+02 1.180749714699206152e+03 8.136784323625350908e+02 4.025097985899641344e+02 1.423110134231458005e+03 1.434271896209228089e+03 1.435999999999994770e+03 1.123419570497724180e+03
1.139798752883619812e+02 1.185004148054316602e+03 5.812219637829653038e+02 4.227144368809566686e+02 1.421858321388740933e+03 1.434155390716455940e+03 1.435999999999992724e+03 1.117291943529691025e+03
1.160721529771929710e+02 1.186264780292875230e+03 5.040272851410045405e+02 4.635954514128233086e+02 1.420653164917944650e+03 1.434033775807813981e+03 1.435999999999989541e+03 1.110642653184858546e+03
1.178177424881860418e+02 1.183829910878099781e+03 4.750077325737706815e+02 5.010569075822371019e+02 1.419607682022299969e+03 1.433923453764979740e+03 1.435999999999986130e+03 1.103754438908628117e+03
1.198398771867032906e+02 1.173171050322239580e+03 4.589071016413914776e+02 5.338733609208557027e+02 1.418391399874946501e+03 1.433786080410517570e+03 1.435999999999980673e+03 1.094738023319262766e+03
1.219097091562005204e+02 1.147767520280543295e+03 4.524341129947227387e+02 5.648879457518060008e+02 1.417176749030884594e+03 1.433635103325213322e+03 1.435999999999969077e+03 1.085360977810133818e+03
1.238536428416263107e+02 1.105776152635493645e+03 4.565967758009916793e+02 6.039998600404435365e+02 1.416102334066252524e+03 1.433484720043432390e+03 1.435999999999953843e+03 1.077603277226510500e+03
1.259221511007984304e+02 9.555754063580794764e+02 4.620821957028888392e+02 5.791711289262328819e+02 1.414727523196258517e+03 1.433299103307018186e+03 1.435999999999936335e+03 1.065607880078823655e+03
1.279840395148332988e+02 6.859475307494865319e+02 4.813481758942871238e+02 5.411334256992630571e+02 1.413185166225044668e+03 1.433086490618009066e+03 1.435999999999921329e+03 1.050421257967415386e+03
1.300383802605067558e+02 5.309835240401332612e+02 5.039164916314252878e+02 5.231181033391286519e+02 1.411625145182312508e+03 1.432851786261885081e+03 1.435999999999899501e+03 1.037334078301868885e+03
1.319339434512131390e+02 4.770281187140553243e+02 4.908195744313877640e+02 5.085360168484612586e+02 1.410117032719747385e+03 1.432607397009865963e+03 1.435999999999872671e+03 1.027837899965295946e+03
1.339836415327899601e+02 4.490439141193155592e+02 4.604949585800644627e+02 4.866926406224137054e+02 1.408271174236214620e+03 1.432289498940223439e+03 1.435999999999845613e+03 1.018852594869592963e+03
1.360342372001096862e+02 4.360818888505988298e+02 4.352437876816692892e+02 4.708515815298413258e+02 1.406194469927652790e+03 1.431895984171729651e+03 1.435999999999812644e+03 1.012583723462255875e+03
1.380227548462624156e+02 4.260066165081832423e+02 4.194141290452740805e+02 4.626150754403547580e+02 1.404036910156044087e+03 1.431433567752069393e+03 1.435999999999755573e+03 1.009744868103693989e+03
1.399817276542762841e+02 4.188139412993027690e+02 4.124612679561641926e+02 4.595013197452946656e+02 1.401684264789918188e+03 1.430865342930923589e+03 1.435999999999683723e+03 1.009150272447999328e+03
1.420335803101318106e+02 4.125153062252817904e+02 4.077967136882129466e+02 4.609710245868404854e+02 1.398977968212872156e+03 1.430132431613413701e+03 1.435999999999587772e+03 1.009784120400914162e+03
1.439760401142477804e+02 4.083088850156794365e+02 4.050128126479195316e+02 4.615640155378051759e+02 1.396053026026706902e+03 1.429241701606330707e+03 1.435999999999469765e+03 1.009687644778406138e+03
1.459843149585549327e+02 4.056164139855708299e+02 4.030990358119863117e+02 4.631731918161200383e+02 1.392593664546914169e+03 1.428051481896166706e+03 1.435999999999296278e+03 1.007158310519219413e+03
1.479658246569579205e+02 4.038429263396932356e+02 4.018877105661728137e+02 4.670507494591695945e+02 1.388746328391861653e+03 1.426537249231002534e+03 1.435999999999034117e+03 1.001166359894790162e+03
1.500330409018655757e+02 4.026256235683458158e+02 4.011430911886956210e+02 4.733877512715426406e+02 1.384268785473627076e+03 1.424496242663351723e+03 1.435999999998671228e+03 9.919355444798534336e+02
1.519811043893165845e+02 4.018157077500488867e+02 4.007084569402818488e+02 4.829084061846970144e+02 1.379693054366844081e+03 1.422081625976285068e+03 1.435999999998215799e+03 9.820609502569536744e+02
1.539897807114388399e+02 4.012859354078638034e+02 4.004490585655884161e+02 4.949189925963773931e+02 1.374657905112757362e+03 1.419025941799180373e+03 1.435999999997572559e+03 9.711523859354894057e+02
1.559561478589494072e+02 4.009640581699875383e+02 4.003043712771984133e+02 5.092251476546244362e+02 1.369526718652094132e+03 1.415441033568439252e+03 1.435999999996701263e+03 9.600320965933075286e+02
1.579414109655228913e+02 4.007275407320238401e+02 4.002147889923705861e+02 5.274433256038599893e+02 1.364296307614369425e+03 1.411237564320776755e+03 1.435999999995425014e+03 9.486600289644937902e+02
1.599944107014502777e+02 4.005702580928658563e+02 4.001582430055356667e+02 5.493684096466221263e+02 1.358962743498422469e+03 1.406306146271948819e+03 1.435999999993480060e+03 9.363694463081326376e+02
1.621214583610885711e+02 4.004683141878278434e+02 4.001202380098098956e+02 5.849056044323655215e+02 1.353761950742539284e+03 1.400715667279931040e+03 1.435999999990126526e+03 9.237161099048597634e+02
1.641646131430543392e+02 4.004219643670639925e+02 4.000954929906664574e+02 6.366175422369917669e+02 1.349283260360043414e+03 1.395018436137474282e+03 1.435999999984385795e+03 9.124977863862195591e+02
1.658456130484689197e+02 4.004314618636433920e+02 4.000776205216132553e+02 7.099812941320793698e+02 1.346157923859874018e+03 1.390245625069874450e+03 1.435999999976826302e+03 9.053171260145498991e+02
1.681501230477156810e+02 4.007522497596150970e+02 4.000646141425630162e+02 7.193582597904553495e+02 1.342863538003545955e+03 1.383670909710802334e+03 1.435999999960802825e+03 8.985359471152723927e+02
1.701429114304180246e+02 4.020317296918332204e+02 4.000825969769034600e+02 4.902293082203686367e+02 1.340840200360505378e+03 1.378076650577280361e+03 1.435999999944123147e+03 8.948015663694411614e+02
1.719534222310777807e+02 4.048637708273511748e+02 4.001924127267076869e+02 4.044604720058014209e+02 1.339597304882640628e+03 1.373180864647169074e+03 1.435999999926807959e+03 8.923975002786547748e+02
1.740525330811350955e+02 4.115160974828287408e+02 4.008697501299054125e+02 4.012681502472933062e+02 1.338856562028818416e+03 1.367739916287038341e+03 1.435999999904674041e+03 8.906493996829912021e+02
1.759616422467136658e+02 4.207862247009561543e+02 4.027777110451037288e+02 4.007830891466859953e+02 1.338570230194637361e+03 1.363075264221755788e+03 1.435999999881348685e+03 8.887253080997151073e+02
1.780141261536119544e+02 4.337153420586036532e+02 4.069973994869465628e+02 4.005783196164200604e+02 1.338425247026855459e+03 1.358395406916813499e+03 1.435999999850511813e+03 8.851215295162021448e+02
1.800029564965562656e+02 4.480526977847291050e+02 4.131704774670307643e+02 4.005087646235980401e+02 1.338127037099322024e+03 1.354149873847283970e+03 1.435999999812788701e+03 8.803223403515844439e+02
1.820003961644193282e+02 4.629487852039886775e+02 4.210656030576997182e+02 4.004956404005919239e+02 1.337444304179984329e+03 1.350147767989504473e+03 1.435999999761416575e+03 8.754608331974479825e+02
1.839297511347677698e+02 4.776806943795410803e+02 4.303164989382125327e+02 4.005109828254873037e+02 1.336481647365364324e+03 1.346405968713222592e+03 1.435999999695711040e+03 8.729862002143926247e+02
1.860519730088471988e+02 4.937043036929329105e+02 4.417895533089130140e+02 4.005377704244884853e+02 1.334883638500705956e+03 1.342378628590570315e+03 1.435999999595122517e+03 8.746534353300063458e+02
1.879491201008349890e+02 5.078330416794686357e+02 4.530246248871147259e+02 4.005559179569941648e+02 1.332873368788414382e+03 1.338830497855518388e+03 1.435999999459711717e+03 8.792190939614520175e+02
1.900364283177854645e+02 5.230400104414148927e+02 4.662899293201813862e+02 4.005674433318101819e+02 1.330104029559999617e+03 1.334906338896556917e+03 1.435999999232554956e+03 8.872403927009161180e+02
1.918751726373485837e+02 5.368715164451620012e+02 4.797225337398413103e+02 4.005950778930371712e+02 1.327147583294547530e+03 1.331476933691940758e+03 1.435999998884339675e+03 8.945752838005236072e+02
1.941450462686547382e+02 5.534774730949134209e+02 4.977958430632141358e+02 4.006119400584864252e+02 1.323147694854634665e+03 1.327185694824739585e+03 1.435999998149388375e+03 9.048101411486493362e+02
1.957603420187691086e+02 5.653520045677629469e+02 5.116254639893503509e+02 4.006233290110089911e+02 1.320139949939725739e+03 1.324103145550500813e+03 1.435999997274473117e+03 9.128293165215856106e+02
1.980151993346213146e+02 5.822541020950139909e+02 5.318186041113636975e+02 4.006541168726707838e+02 1.315858283934397150e+03 1.319793151431571914e+03 1.435999995047000084e+03 9.220914490809436757e+02
2.001814697939724965e+02 5.976009670075403619e+02 5.517506865641375953e+02 4.006782707813965771e+02 1.311801329606636045e+03 1.315627560143807386e+03 1.435999991112745874e+03 9.287278551417862218e+02
2.014310297617164736e+02 6.072986791967556428e+02 5.644540925835910912e+02 4.007042763715281808e+02 1.309503783014531336e+03 1.313283154295955001e+03 1.435999986660777267e+03 9.308630259992553420e+02
2.040112016938819863e+02 6.276519816279601400e+02 5.900812806127717067e+02 4.007987299471829488e+02 1.304914659780554075e+03 1.308532650387372769e+03 1.435999971334071233e+03 9.312193875993305028e+02
2.061401122738786285e+02 6.408521971785709184e+02 6.087972890679568536e+02 4.008734134767864816e+02 1.301337569015402778e+03 1.304686201268354807e+03 1.435999952591448164e+03 9.287141738334762522e+02
2.079013066855960972e+02 6.451168547601409955e+02 6.208960492900176860e+02 4.009408365579559472e+02 1.298548507507075783e+03 1.301542465868495583e+03 1.435999933657475822e+03 9.255327335252309240e+02
2.099849743036687642e+02 6.286021954654263482e+02 6.286844997894661446e+02 4.012716623820995210e+02 1.295334953729782228e+03 1.297911287494031285e+03 1.435999912526816388e+03 9.184493936851928311e+02
2.118975820921786521e+02 5.822523487736086736e+02 6.181856563534549878e+02 4.019899378850424227e+02 1.292484690267381893e+03 1.294683054068153751e+03 1.435999893603833470e+03 9.077375261473405317e+02
2.140785268627336109e+02 5.198790512551983056e+02 5.583498694841457564e+02 4.028717428513261893e+02 1.289243810822664045e+03 1.291125026681284908e+03 1.435999873618804713e+03 8.875237751189296205e+02
2.160093066830432349e+02 5.040868923027949791e+02 4.944777408315644607e+02 4.036436547860600967e+02 1.286419523460702067e+03 1.288065231429983669e+03 1.435999855596863654e+03 8.661281796285757082e+02
2.180509994141598327e+02 5.064450607440371641e+02 4.559168766725324531e+02 4.043134177511082044e+02 1.283364539465856296e+03 1.284882205780949107e+03 1.435999836864724102e+03 8.429712549538586472e+02
2.200228551146860809e+02 5.011815177039287619e+02 4.513210726551072298e+02 4.050617760637098854e+02 1.280396356639576879e+03 1.281735876905605210e+03 1.435999817795644958e+03 8.244145143805975522e+02
2.220230710087170678e+02 4.876887647239262265e+02 4.641469090830562436e+02 4.054888778146092250e+02 1.277108125094302750e+03 1.278424588096099797e+03 1.435999798834640387e+03 8.088268918807705177e+02
2.240139658088898500e+02 4.705227000918264366e+02 4.650652766206545152e+02 4.058438573311044593e+02 1.273116964733143277e+03 1.274999972322345457e+03 1.435999781493531827e+03 7.964944227065915356e+02
2.260388809303900359e+02 4.529913345348341522e+02 4.463755155429770412e+02 4.069463585792927347e+02 1.268401829564728814e+03 1.271094447651128348e+03 1.435999764312357911e+03 7.895740208725001139e+02
2.279855138917054376e+02 4.382667773093951382e+02 4.300503712799712730e+02 4.086451034113841274e+02 1.263467442942564048e+03 1.266668196125017403e+03 1.435999747303508684e+03 7.878282244337746079e+02
2.300203093156266902e+02 4.268156998220772493e+02 4.188852378039938458e+02 4.110439320029629471e+02 1.257901732265699593e+03 1.261112262705659305e+03 1.435999728589020378e+03 7.871394443278890094e+02
2.320106799764185439e+02 4.193109511291600597e+02 4.118693387569963988e+02 4.139308174150440323e+02 1.252452430320239046e+03 1.254612601501525887e+03 1.435999708366658751e+03 7.838269196020823983e+02
2.339804259008107294e+02 4.144837825038395067e+02 4.078027522143339070e+02 4.171097674588621658e+02 1.246956672719039034e+03 1.247211160806888074e+03 1.435999686503884732e+03 7.770797931242053664e+02
2.359541023130180974e+02 4.114119358935092237e+02 4.057120428489465098e+02 4.213283754877509182e+02 1.241874028312494374e+03 1.239067006223507178e+03 1.435999661469878447e+03 7.667676286420908127e+02
2.380774542058863688e+02 4.088156833625491231e+02 4.042618713480049450e+02 4.269383491918293885e+02 1.237110841453341891e+03 1.229883448631342389e+03 1.435999628347734415e+03 7.533663895056761248e+02
2.399446392797113106e+02 4.071175241744093114e+02 4.033515077137267326e+02 4.324978875393404110e+02 1.233428375940497290e+03 1.221664713127007417e+03 1.435999591440914855e+03 7.412714023260092517e+02
2.421343893509902614e+02 4.058196668947077796e+02 4.026931193278385308e+02 4.419352434675147379e+02 1.229771104377121674e+03 1.212133006444317516e+03 1.435999533297243943e+03 7.280618749498643183e+02
2.437457682160590764e+02 4.050245355634000362e+02 4.024009509402501408e+02 4.508857454708545447e+02 1.227557204235651398e+03 1.205379894463508663e+03 1.435999472511077556e+03 7.198184646058765566e+02
2.463603564633547762e+02 4.040587823087257107e+02 4.022105481414492374e+02 4.709479561451511245e+02 1.224723968569394401e+03 1.195243789087555797e+03 1.435999313686752203e+03 7.092073851972211287e+02
2.480692284195582431e+02 4.036649812673400675e+02 4.021847951253206475e+02 4.863682840528877591e+02 1.223135301069226216e+03 1.189209022828359821e+03 1.435999163137406413e+03 7.036899790637120304e+02
2.499265200625438581e+02 4.034839559528664381e+02 4.022178663827291416e+02 5.106792121453338495e+02 1.221888370158254702e+03 1.183162355814693001e+03 1.435998952528452492e+03 6.994569432500675248e+02
2.517126143168366639e+02 4.035136377057598338e+02 4.023181854741641814e+02 5.294319702898008018e+02 1.221233192444423139e+03 1.177794977994974261e+03 1.435998706480655073e+03 6.977783527573083120e+02
2.538672916534406738e+02 4.040344512543906603e+02 4.028257832791518354e+02 4.793720954762317206e+02 1.220890683993854964e+03 1.171601328264677932e+03 1.435998465044213617e+03 6.993280638218221839e+02
2.560579688360360251e+02 4.052405844687700096e+02 4.040393687187516889e+02 4.057493471261921059e+02 1.220633640857781302e+03 1.165812414279916766e+03 1.435998237072819165e+03 7.034032351323298826e+02
2.579043717735892756e+02 4.066079337643236613e+02 4.054511370198287636e+02 4.014657417541402538e+02 1.220218231129050309e+03 1.161419811674894163e+03 1.435998030746882478e+03 7.073059034853828280e+02
2.599338510532543296e+02 4.081496611382702895e+02 4.071067181743620722e+02 4.009884173082115240e+02 1.219370515226234602e+03 1.157164148313018586e+03 1.435997741330011650e+03 7.104326148191348693e+02
2.620687575608692441e+02 4.105139237261123526e+02 4.094270180791888265e+02 4.008677511549874453e+02 1.218399796411520583e+03 1.153139430058625749e+03 1.435997391667880720e+03 7.132478915629096718e+02
2.641240248345311556e+02 4.145514928525580558e+02 4.126532811631244613e+02 4.008311936379582221e+02 1.217573184154077580e+03 1.149471751427990057e+03 1.435997086152083739e+03 7.170528700892349434e+02
2.660467665369418455e+02 4.190361050514315480e+02 4.159185739512188889e+02 4.007810556042048233e+02 1.216500852819785678e+03 1.146315322233883990e+03 1.435996792150133842e+03 7.204051573051129935e+02
2.681518070452944471e+02 4.239009839700730140e+02 4.195636202823483245e+02 4.007505505780446811e+02 1.214861654226063365e+03 1.143216218527333467e+03 1.435996393545614410e+03 7.224801287891277752e+02
2.696927767935352449e+02 4.274193535785395284e+02 4.223747406171856937e+02 4.007403717309369995e+02 1.213399702052479824e+03 1.141172238178777889e+03 1.435996000986086528e+03 7.230964198164751906e+02
2.722261115142803760e+02 4.337725461814260939e+02 4.275122441447717279e+02 4.007341758826959222e+02 1.210791519662918290e+03 1.138083961491686068e+03 1.435995178773134512e+03 7.234321832464004274e+02
2.736360740422871345e+02 4.375341150154006300e+02 4.306446902636291725e+02 4.007320390855772416e+02 1.209230973814459503e+03 1.136469624924082609e+03 1.435994627842129830e+03 7.234665921042075070e+02
2.763242397952833471e+02 4.450060972609184660e+02 4.371727507430127275e+02 4.007319505421897929e+02 1.206071536695151735e+03 1.133628272883199998e+03 1.435993227418079641e+03 7.233252719330912441e+02
2.785263221185485918e+02 4.511843287914722396e+02 4.430341599233883585e+02 4.007356733711089305e+02 1.203352799429176457e+03 1.131473651210131266e+03 1.435991665518666878e+03 7.231807236462750552e+02
2.797412804110016395e+02 4.547169334712417026e+02 4.464379302959526399e+02 4.007385963654396051e+02 1.201838061005708369e+03 1.130343069129415426e+03 1.435990608052686639e+03 7.231038788950365870e+02
2.823799147166216699e+02 4.624782176732757648e+02 4.543237369230046170e+02 4.007449227223256116e+02 1.198468874461899532e+03 1.127996678521787089e+03 1.435987738187578316e+03 7.229668961359329842e+02
2.838522441261982294e+02 4.669310380497884125e+02 4.588547815217145853e+02 4.007480743575356996e+02 1.196579218113032312e+03 1.126753843248097837e+03 1.435985689412606916e+03 7.229088251613044349e+02
2.864495437446263963e+02 4.752226216151713629e+02 4.669254203585571759e+02 4.007490773681487326e+02 1.193255001447278119e+03 1.124600339258938902e+03 1.435981475552347320e+03 7.227569078582286011e+02
2.882166946651101398e+02 4.811623670979623171e+02 4.719184031347591031e+02 4.007314968570259452e+02 1.191017147262114804e+03 1.122996058965105931e+03 1.435979239540421531e+03 7.223268975938940457e+02
2.898775707936910635e+02 4.855008204169765236e+02 4.762336159904706392e+02 4.007018046275885581e+02 1.188858166952027887e+03 1.121454419293240790e+03 1.435977398139659272e+03 7.214668212570777541e+02
2.918770097474194927e+02 4.887015432656158964e+02 4.813734460675913169e+02 4.006853856276752595e+02 1.186168241437762163e+03 1.119629332388517923e+03 1.435975108573878288e+03 7.199244116384872996e+02
2.940459459824875239e+02 4.914549155311846107e+02 4.869089694923211482e+02 4.007122380059871034e+02 1.183159258115860666e+03 1.117708694756371642e+03 1.435972338796890426e+03 7.178843351137909394e+02
2.961109292438920306e+02 4.933577591731694838e+02 4.915006071772725136e+02 4.007282163371900197e+02 1.180184058234362965e+03 1.115906987815829780e+03 1.435969586483490957e+03 7.155718139291659554e+02
2.980056610525822407e+02 4.938969414668521836e+02 4.941016393442750996e+02 4.007323396698140527e+02 1.177270806228799529e+03 1.114234042984258167e+03 1.435967286430827698e+03 7.129450288063844710e+02
2.999054587422714349e+02 4.939571411745371847e+02 4.938036950387154320e+02 4.007387856461658657e+02 1.174051921816526828e+03 1.112535277094388675e+03 1.435965217879697775e+03 7.101475886128021102e+02
3.018926578596180548e+02 4.960576935509249097e+02 4.937465308384716423e+02 4.007483539777408055e+02 1.170452715991417563e+03 1.110738598148342589e+03 1.435963089976882657e+03 7.082295842208576460e+02
3.039900412912810452e+02 5.002490350558962859e+02 4.966523938930842519e+02 4.007567537214713411e+02 1.166743201965502067e+03 1.108850591565832929e+03 1.435960323466620366e+03 7.077963881544794731e+02
3.060479358895619271e+02 5.046437648184638647e+02 4.992613417686868047e+02 4.007586713226131678e+02 1.163046641971713598e+03 1.106998375474502154e+03 1.435957256261542625e+03 7.086381005974889149e+02
3.080160025637191552e+02 5.087423384544608211e+02 5.012889504041725104e+02 4.007566662977119449e+02 1.159407256038605283e+03 1.105196871713821338e+03 1.435954257076988597e+03 7.117427894888875244e+02
3.100862520501736412e+02 5.129983871972356155e+02 5.039718833572420067e+02 4.007583298002456900e+02 1.155583795399799783e+03 1.103272043139648531e+03 1.435950857355563585e+03 7.171709501026998623e+02
3.121384368796664717e+02 5.170844835266960899e+02 5.081967401613262041e+02 4.007623553035427335e+02 1.151912333693634764e+03 1.101348519238133122e+03 1.435946949109697471e+03 7.230693513975592168e+02
3.141827464703578698e+02 5.210375115915375090e+02 5.119603550540296055e+02 4.007624197752534201e+02 1.148275451393182266e+03 1.099407343056831678e+03 1.435942837158282600e+03 7.294211044474533310e+02
3.159820806125127888e+02 5.245209635881125223e+02 5.173201242001488254e+02 4.007647019983290875e+02 1.145308701692224304e+03 1.097710928357137846e+03 1.435938108898539213e+03 7.332161697582031366e+02
3.175561111167911577e+02 5.275276073857821757e+02 5.227673030363509952e+02 4.007688631492059130e+02 1.142849760865720327e+03 1.096249959666435188e+03 1.435933022131732969e+03 7.350413681235523882e+02
3.198588474233100101e+02 5.321606027332030635e+02 5.318331081761742780e+02 4.007785822368254571e+02 1.139510369792899155e+03 1.094173415357579870e+03 1.435922974425995562e+03 7.356511837229055573e+02
3.213517750660531078e+02 5.352629093656879604e+02 5.376499005506024105e+02 4.007872830573295460e+02 1.137481830409982649e+03 1.092860236870702920e+03 1.435914634802553792e+03 7.352461070978490625e+02
3.239461945155108538e+02 5.407096086419356880e+02 5.468186584793565999e+02 4.008119559748870415e+02 1.134197795235497324e+03 1.090527829255770484e+03 1.435898881444744575e+03 7.330005341004211914e+02
3.257401360323331687e+02 5.444641765163354421e+02 5.498508804798142364e+02 4.008296506009639870e+02 1.132057082890740958e+03 1.088859259124605614e+03 1.435888321953106924e+03 7.306101516951932808e+02
3.280593089531544706e+02 5.489916185172884298e+02 5.355569650465675977e+02 4.008728415290616454e+02 1.129324743776079913e+03 1.086452333352141977e+03 1.435878879834478084e+03 7.248997696695284958e+02
3.300801129502774529e+02 5.441022131703725790e+02 4.907840174249825509e+02 4.009905175972891129e+02 1.126884038308232448e+03 1.084143961058377727e+03 1.435872637676320210e+03 7.165098359257674474e+02
3.319449532825958613e+02 5.206404899191556979e+02 4.602480411685178296e+02 4.011959331141933944e+02 1.124541633742049271e+03 1.081966518225979598e+03 1.435867388247588224e+03 7.070241567455690301e+02
3.339148049980551036e+02 4.886419706368171205e+02 4.499799569016525993e+02 4.015111747109162366e+02 1.121969201700563644e+03 1.079630377713803000e+03 1.435861892980444736e+03 6.978195951304192022e+02
3.360703452555110857e+02 4.518687459103297215e+02 4.425765825260106681e+02 4.019472827563207602e+02 1.119010495834197854e+03 1.076969935893849424e+03 1.435855771748102597e+03 6.906104769821893115e+02
3.379443481099730775e+02 4.298051671441851909e+02 4.360132749094915425e+02 4.024493348693032431e+02 1.116220015208955147e+03 1.074489024186974802e+03 1.435850526708846019e+03 6.865635740833417913e+02
3.399517545071579434e+02 4.179835989599167760e+02 4.287670409295433274e+02 4.030616124730954084e+02 1.112661048374299980e+03 1.071516565680912663e+03 1.435845314529502957e+03 6.848185792820684128e+02
3.420063722791046530e+02 4.130428095717808787e+02 4.231588299012288417e+02 4.040426851322164907e+02 1.108455143151724315e+03 1.068199279997523263e+03 1.435840280703883082e+03 6.852158308148716515e+02
3.440329101699420562e+02 4.097362006647249473e+02 4.178740837301901365e+02 4.051456573205628615e+02 1.104008997908914807e+03 1.064704413515968781e+03 1.435835133363695604e+03 6.853273365359547142e+02
3.460568749505931692e+02 4.071332515409562234e+02 4.131094604726005741e+02 4.062611175340151703e+02 1.099115332628311307e+03 1.060896762866916106e+03 1.435829939162183109e+03 6.830729160302203127e+02
3.479936337797484498e+02 4.054906028524329713e+02 4.101052690796339562e+02 4.074065102996869427e+02 1.094175496405400509e+03 1.056976833044722298e+03 1.435824853010696643e+03 6.773646065649180628e+02
3.500207270404304154e+02 4.043118450158773385e+02 4.079537148385536511e+02 4.087352448255288664e+02 1.089181622599437787e+03 1.052685295627762571e+03 1.435819101191486880e+03 6.675901548221389703e+02
3.520438162260713852e+02 4.033403421737610302e+02 4.062382516334013758e+02 4.099484364750692293e+02 1.084162329893247943e+03 1.048195306186677726e+03 1.435813010754155357e+03 6.549704056567376256e+02
3.539389731697274897e+02 4.026440490511199641e+02 4.050603228711623274e+02 4.109476238736942832e+02 1.078996428466750331e+03 1.043745213164899724e+03 1.435807424717672120e+03 6.413013937870726977e+02
3.559660418192380575e+02 4.021773040635647476e+02 4.042563035727831675e+02 4.125294184197531422e+02 1.074025741015357653e+03 1.039052631412561823e+03 1.435800798021368792e+03 6.281893769457460621e+02
3.580801771903460349e+02 4.016692358927609803e+02 4.035184466614880989e+02 4.138147854059789097e+02 1.068701595106973627e+03 1.034089019830675625e+03 1.435793594827593097e+03 6.158859479721199932e+02
3.601049021324383261e+02 4.013437457288160886e+02 4.030342017796870664e+02 4.155761449337536533e+02 1.064069961554494739e+03 1.029463090651888933e+03 1.435785892379200504e+03 6.058851386191317943e+02
3.618930096736085034e+02 4.011222210723307171e+02 4.027330346014609859e+02 4.176226104901389817e+02 1.060516497718106848e+03 1.025531730879973338e+03 1.435777733374341096e+03 5.988984272391995773e+02
3.642358851458013191e+02 4.009077736679103054e+02 4.024787970205684928e+02 4.210520107623881927e+02 1.056597648268515513e+03 1.020643509686761263e+03 1.435763435121293469e+03 5.922681967520380795e+02
3.663723067436823158e+02 4.008047358212610902e+02 4.023880409748426246e+02 4.259660036449165545e+02 1.053625729669554858e+03 1.016493988801600040e+03 1.435745774439542174e+03 5.878805209690277707e+02
3.675775765431318405e+02 4.007851079054244110e+02 4.023577583105082454e+02 4.306233500752315422e+02 1.052520076205445321e+03 1.014353131767043806e+03 1.435732279833593338e+03 5.865346987153138798e+02
3.700084420772481053e+02 4.008435579497457297e+02 4.024800558618603645e+02 4.355683197482400715e+02 1.050902824737721630e+03 1.010158705319825117e+03 1.435710388681489803e+03 5.858940879565820978e+02
3.720357233797673189e+02 4.011144342473516531e+02 4.029790152901274496e+02 4.194696727432021817e+02 1.050079975579418033e+03 1.006853497606904511e+03 1.435696705544076849e+03 5.875195929289171772e+02
3.739835090787037188e+02 4.014345138172666339e+02 4.035077531297032465e+02 4.035980994437072695e+02 1.049208338916458615e+03 1.003877240704484166e+03 1.435683458300077064e+03 5.897540989159336959e+02
3.759122026925322757e+02 4.016882443644799991e+02 4.039679371198298554e+02 4.015849118250573611e+02 1.047973706532947745e+03 1.001156562141838776e+03 1.435666704486316348e+03 5.910193928301833921e+02
3.780788950593587288e+02 4.020877427038133192e+02 4.046315327697646467e+02 4.011870400963101133e+02 1.046625867498884190e+03 9.983647980285161339e+02 1.435645663143006914e+03 5.921827627092545754e+02
3.801430441035084868e+02 4.028233965248055028e+02 4.056464203367179380e+02 4.010846856412689476e+02 1.045691705380733310e+03 9.959041902480927320e+02 1.435627201400137437e+03 5.940878741456958778e+02
3.822461716969788768e+02 4.036106362238095926e+02 4.066998070672477752e+02 4.010117045653030345e+02 1.044539641136352202e+03 9.935585729264628299e+02 1.435607519712870271e+03 5.962641525332194306e+02
3.839994382137922457e+02 4.042150874543319219e+02 4.075820558447577469e+02 4.009597343993891627e+02 1.043319913514716518e+03 9.917472838905202934e+02 1.435587252747865932e+03 5.974232665920712861e+02
3.864222972710304589e+02 4.050236834584992494e+02 4.088742776848279163e+02 4.009244811315398920e+02 1.041418692120907963e+03 9.894498826330352586e+02 1.435551957784170554e+03 5.983845231442394379e+02
3.876198876081903677e+02 4.053319188990946031e+02 4.095002678770759417e+02 4.009135844611012658e+02 1.040320171933756683e+03 9.884029742359616648e+02 1.435529517155205667e+03 5.984946720286360460e+02
3.898580614140391845e+02 4.052847471740690821e+02 4.105798833279746987e+02 4.009063641127214623e+02 1.037664468636629863e+03 9.864762735084007090e+02 1.435485321271111843e+03 5.972396488646783155e+02
3.923424662472105524e+02 4.044517118538281011e+02 4.119218037663382574e+02 4.009200857875770225e+02 1.034581092089542608e+03 9.843822037762624859e+02 1.435439431938889129e+03 5.947392093656324050e+02
3.939288433242002156e+02 4.036336811333057994e+02 4.127467118387057212e+02 4.009355913556635755e+02 1.032673527187663694e+03 9.831015177564754595e+02 1.435408605667106940e+03 5.932225396791652656e+02
3.961150812313189249e+02 4.020948120184249888e+02 4.131866924505257543e+02 4.010330138164890741e+02 1.029519186377575352e+03 9.812587566613960917e+02 1.435375679521783240e+03 5.901018343062050917e+02
3.978827855652504581e+02 4.014278039513959584e+02 4.130059983491165667e+02 4.012254947467182546e+02 1.027181607298824019e+03 9.798429383697518915e+02 1.435348339197487348e+03 5.877116665306864434e+02
3.999000396293341737e+02 4.008711381575510586e+02 4.109782731591653828e+02 4.016116905215865813e+02 1.024081693929754010e+03 9.781564521019784024e+02 1.435320301682206946e+03 5.845188233249785981e+02
4.019888825699658810e+02 4.005534163791181186e+02 4.078504409739153971e+02 4.024189040508603057e+02 1.020140166337764185e+03 9.762711675867849408e+02 1.435296199779812696e+03 5.802300983238894787e+02
4.039301157619682954e+02 4.004079941011518713e+02 4.065974220913195722e+02 4.041401245151570265e+02 1.016069225127595473e+03 9.744643983715377544e+02 1.435275660933366908e+03 5.759347600587166198e+02
4.059723038838729394e+02 4.003107903010096607e+02 4.087374092954174785e+02 4.076446897278904089e+02 1.011652388456821768e+03 9.725106365373744666e+02 1.435254283513974315e+03 5.715757191500445060e+02
4.079494205982607582e+02 4.002508447721751850e+02 4.124619106733024410e+02 4.141562261099605848e+02 1.006650235563687943e+03 9.704198693533360256e+02 1.435235635224025373e+03 5.667487179217606581e+02
4.099368310525047150e+02 4.002057567566919261e+02 4.126586310559522417e+02 4.223807409626266463e+02 1.002070271778270353e+03 9.682298984422612875e+02 1.435215861382244611e+03 5.621817305746782267e+02
4.119839738819357535e+02 4.001645594593971396e+02 4.099685400720305211e+02 4.301389544796870723e+02 9.973845324565866122e+02 9.657567186792576877e+02 1.435194961173340971e+03 5.574051817292087208e+02
4.139361252194797771e+02 4.001384328719190080e+02 4.071583449547346731e+02 4.366945642037717334e+02 9.934657065112937744e+02 9.632534891495654392e+02 1.435173191204454042e+03 5.530022343929013005e+02
4.160765677985500020e+02 4.001140089897143071e+02 4.053008962593974047e+02 4.421650488394092804e+02 9.903797366138693405e+02 9.604822112468430078e+02 1.435142185285571713e+03 5.492422472923495889e+02
4.178447577961612751e+02 4.000986419973337433e+02 4.042644742489821965e+02 4.444320523920006849e+02 9.878237381994911175e+02 9.580506102957441499e+02 1.435113924886216864e+03 5.463601804436212888e+02
4.200724401063112055e+02 4.000903822928614204e+02 4.034118588036054120e+02 4.452789929515440690e+02 9.842319640359669393e+02 9.547996540135260375e+02 1.435079440330441685e+03 5.424482969860969206e+02
4.221358511263171636e+02 4.000924310013322724e+02 4.029827668359828294e+02 4.469944786033827882e+02 9.811264605359629059e+02 9.517655340543267357e+02 1.435045393569475209e+03 5.389391816000008930e+02
4.242066217730820767e+02 4.000967646947054277e+02 4.026677345444068692e+02 4.484336366019997513e+02 9.782600532630956423e+02 9.487509632240441988e+02 1.435006747412125378e+03 5.358425212716668966e+02
4.258286920186995985e+02 4.001019620120043214e+02 4.024519291865976243e+02 4.489748185201824526e+02 9.759417519714476157e+02 9.463973893383812310e+02 1.434976050789820420e+03 5.334639071726144266e+02
4.279628328085547651e+02 4.001102052226041792e+02 4.023316966225789315e+02 4.526099972702913306e+02 9.735766043676048866e+02 9.434519709680002961e+02 1.434927948311411910e+03 5.310212887514902604e+02
4.302157257371480910e+02 4.001091358877596349e+02 4.024239854528267415e+02 4.602784401917732566e+02 9.724183385634195247e+02 9.405685753900895634e+02 1.434873726330986301e+03 5.303705394625241070e+02
4.318820680859906247e+02 4.001068659940702901e+02 4.025957471302873500e+02 4.620753277239821273e+02 9.717485524743214000e+02 9.385292712062331475e+02 1.434832462386590805e+03 5.307929800124355779e+02
4.338811115242542655e+02 4.001199852765977880e+02 4.031326869029924751e+02 4.519084771203479249e+02 9.714387205725955710e+02 9.361956882882946047e+02 1.434788718489264284e+03 5.324644941301896779e+02
4.360290258748891574e+02 4.001854802885210347e+02 4.040438610333833935e+02 4.050966463266104256e+02 9.714709314813171659e+02 9.338305296816935197e+02 1.434750144141744840e+03 5.356210517281660941e+02
4.379281017602062320e+02 4.003132842392599855e+02 4.050631099987584776e+02 4.017803660858933767e+02 9.714722075560509893e+02 9.318768616135123466e+02 1.434717721260306007e+03 5.388799504621629239e+02
4.400829430944154979e+02 4.006649638388310564e+02 4.065902082612339541e+02 4.013117015156871048e+02 9.716341826623416864e+02 9.298269167925424199e+02 1.434683858902252041e+03 5.432978433886205494e+02
4.419655832514325198e+02 4.012423284205121945e+02 4.081071013730913251e+02 4.011335603382594854e+02 9.716150078035510660e+02 9.281658835665506331e+02 1.434656023601489096e+03 5.475064435207084443e+02
4.439364957474957691e+02 4.021301456085705581e+02 4.098801960992156523e+02 4.010519375823812425e+02 9.711954538458353454e+02 9.265359982321675716e+02 1.434627190888358427e+03 5.517340919550547369e+02
4.459587213085306416e+02 4.034041751532765261e+02 4.119196603488059054e+02 4.010215429997754768e+02 9.703563106867349006e+02 9.249611535936340942e+02 1.434598071263101247e+03 5.558354492935981170e+02
4.479244772767779637e+02 4.049081994005621823e+02 4.139682182759040074e+02 4.010135740887488396e+02 9.689650247953478583e+02 9.234807534443677923e+02 1.434569904930098801e+03 5.594848620528305219e+02
4.499514177576153315e+02 4.063589633443635307e+02 4.158103198343009126e+02 4.010149765184078774e+02 9.666544185188504343e+02 9.219531544044624525e+02 1.434537218542923711e+03 5.618662252109896826e+02
4.520904067643512008e+02 4.078557742757698179e+02 4.176468236979610538e+02 4.010178997084893240e+02 9.636687609619426667e+02 9.203289863956415502e+02 1.434499189281295457e+03 5.631554725649531292e+02
4.538481278336187188e+02 4.090685456171495957e+02 4.190777985975157094e+02 4.010192318954389066e+02 9.609100271048623654e+02 9.189712666991606511e+02 1.434464528267623791e+03 5.633761476326643560e+02
4.560518143979526258e+02 4.104855756571754455e+02 4.206826089749349649e+02 4.010210168555511814e+02 9.570898206147786595e+02 9.172333746889711392e+02 1.434410001186915906e+03 5.627896208128751141e+02
4.581325919894248386e+02 4.118341465532707844e+02 4.221860189937565337e+02 4.010220609422354983e+02 9.534014001335797275e+02 9.155779191534608117e+02 1.434346363433188571e+03 5.619836865377856157e+02
4.600320439030630837e+02 4.131105184884934829e+02 4.235831944273177783e+02 4.010225913815626200e+02 9.500817121714011364e+02 9.140576095381979940e+02 1.434279372078777214e+03 5.613468629185711052e+02
4.623830929279806128e+02 4.147127795991707444e+02 4.253056735589644290e+02 4.010235964106188931e+02 9.459600998740903606e+02 9.122338011325276739e+02 1.434158824134656470e+03 5.606836035618243841e+02
4.637282518522009127e+02 4.156480305333153638e+02 4.263218656085761040e+02 4.010241095776169686e+02 9.437026544244414481e+02 9.111959207858410537e+02 1.434079521915070472e+03 5.604065838425715356e+02
4.665265199338338675e+02 4.176074806170501006e+02 4.284332548166422612e+02 4.010245611591918760e+02 9.392402808427004857e+02 9.090374012710678926e+02 1.433894334252375302e+03 5.600864864562726098e+02
4.682916903309832719e+02 4.184217898978030803e+02 4.296997851715128149e+02 4.010249398297690391e+02 9.361712872734020721e+02 9.075782490325761955e+02 1.433784444401996325e+03 5.596865092976929645e+02
4.698572282021821138e+02 4.176480396763043927e+02 4.306675621897192059e+02 4.010252017189064304e+02 9.332472946373205787e+02 9.061644630653148624e+02 1.433720493905080275e+03 5.590878654540190382e+02
4.720048999237018279e+02 4.133596338368433294e+02 4.311514437407359424e+02 4.010362418276502581e+02 9.293162483775868168e+02 9.042292850355484006e+02 1.433642116934421210e+03 5.582284005461468723e+02
4.739790297287876797e+02 4.077583817264679169e+02 4.287707143679210162e+02 4.011022758848669127e+02 9.254752551405141503e+02 9.024073778907384167e+02 1.433580669144390640e+03 5.572826684732423246e+02
4.759428890062725372e+02 4.038691019450843100e+02 4.233179755395053689e+02 4.012978163581111062e+02 9.214997163781607696e+02 9.005639315047721993e+02 1.433525455973374392e+03 5.561045036795305805e+02
4.779806157499834285e+02 4.019266144477392118e+02 4.163534070631353075e+02 4.017437326423582249e+02 9.170395455840117620e+02 8.985575694987694533e+02 1.433473738982522036e+03 5.542105883134155420e+02
4.799560513499915828e+02 4.010600422960001197e+02 4.145724080107675036e+02 4.025125082093242099e+02 9.121073490890904623e+02 8.964142466264969471e+02 1.433428424485860432e+03 5.509967314786621273e+02
4.819587928952284415e+02 4.006528448992253288e+02 4.153166984829732655e+02 4.034885687278294881e+02 9.066356303892922597e+02 8.939656088618180547e+02 1.433385491093623841e+03 5.457099474129673808e+02
4.839978872854473479e+02 4.004295416671906764e+02 4.127135414277664154e+02 4.044776143587414481e+02 9.007423501990659815e+02 8.910894919698786225e+02 1.433343298888417394e+03 5.380799791210117746e+02
4.860161194212534497e+02 4.002961587627268045e+02 4.090994095997330078e+02 4.055150544653138809e+02 8.943553671250095931e+02 8.877010559713154407e+02 1.433302740186902156e+03 5.283436908215732046e+02
4.879957148654182220e+02 4.002243644777073541e+02 4.062119644094952946e+02 4.065986099869145391e+02 8.877730397710957959e+02 8.837890577313462472e+02 1.433263994150956933e+03 5.175256660412047722e+02
4.900366406719167003e+02 4.001745345701888823e+02 4.038446244132850325e+02 4.080250018484691168e+02 8.809278064364712009e+02 8.791282680994370367e+02 1.433224401981841311e+03 5.063665046118839541e+02
4.920303115174062327e+02 4.001438952498332355e+02 4.025689749149170780e+02 4.098906455440680929e+02 8.743901335723325019e+02 8.739873197525874957e+02 1.433185920027528709e+03 4.964843993347832907e+02
4.939683380289160937e+02 4.001188892049498236e+02 4.017499788758170212e+02 4.123143702626219920e+02 8.680596030349432795e+02 8.684371548689651945e+02 1.433148220574440757e+03 4.881585925246640159e+02
4.960409794552309677e+02 4.001019721490731627e+02 4.012281519227028070e+02 4.153613801028445778e+02 8.618088815377749370e+02 8.621819637821770357e+02 1.433106790809664517e+03 4.808213638662990661e+02
4.979353672129574306e+02 4.000890127843157416e+02 4.009312301429067702e+02 4.184630627019014355e+02 8.567376618465035563e+02 8.564243611999640962e+02 1.433064771333991985e+03 4.753291683676951607e+02
5.000442599161755766e+02 4.000736726735997308e+02 4.007328843610597460e+02 4.218832774594006310e+02 8.517855678173642673e+02 8.501838740308539855e+02 1.433009301123571277e+03 4.703571903215487282e+02
5.021000183834465247e+02 4.000611957460268968e+02 4.006374329292283960e+02 4.253164863675191327e+02 8.476268089249305149e+02 8.444301631208167009e+02 1.432940302474199598e+03 4.665506753175734502e+02
5.040694162789087045e+02 4.000508462044151088e+02 4.005808966131594389e+02 4.282055923734098428e+02 8.439689468933922853e+02 8.391785058200491676e+02 1.432858380512904205e+03 4.635901390239218927e+02
5.061465986280819607e+02 4.000422537213777332e+02 4.005486756032761946e+02 4.306529750716538274e+02 8.403208362829877842e+02 8.339163889621401040e+02 1.432757772516296427e+03 4.609262701099771675e+02
5.077333926984174468e+02 4.000388873638962082e+02 4.005542385484220631e+02 4.335002607744595480e+02 8.378049196319032035e+02 8.301722536663471601e+02 1.432667521093158030e+03 4.592159411866960568e+02
5.096854441486343603e+02 4.000358816741466512e+02 4.005560345229665700e+02 4.367041771359243967e+02 8.351250920777838473e+02 8.259192775167682612e+02 1.432539761060321325e+03 4.577620599308251599e+02
5.122570734075878818e+02 4.000332500157824143e+02 4.005530218331608125e+02 4.401402581680018784e+02 8.318027448447519419e+02 8.207335292190603013e+02 1.432362760117183598e+03 4.562354075287375963e+02
5.141185325364953087e+02 4.000322830379888046e+02 4.005572569026363681e+02 4.422930137504945378e+02 8.294897256132401253e+02 8.172626362238684123e+02 1.432230476285749546e+03 4.552529121150275273e+02
5.159061329289039577e+02 4.000323763477600210e+02 4.005819292294573302e+02 4.452232275842436025e+02 8.275037553612668262e+02 8.141935576148434848e+02 1.432101040476723711e+03 4.545260271657799649e+02
5.177724384144305532e+02 4.000323883534719016e+02 4.006121037594053291e+02 4.479275994140881494e+02 8.255736424815721648e+02 8.112329690392906514e+02 1.431957510342930391e+03 4.539590488816339757e+02
5.201717048852366361e+02 4.000358845607048011e+02 4.007113150186544317e+02 4.499849356143362797e+02 8.236031856502053188e+02 8.078462402306994363e+02 1.431768057539889469e+03 4.538453623993748351e+02
5.220988937742569078e+02 4.000521651290908380e+02 4.008400361297448740e+02 4.458207087429542526e+02 8.224252373482156599e+02 8.054187808825572574e+02 1.431624239767170138e+03 4.544024987486257032e+02
5.239593766775952872e+02 4.000802191430556718e+02 4.009894289830823482e+02 4.197232997391416234e+02 8.214639946176522471e+02 8.032588582501778092e+02 1.431500596902511006e+03 4.553532928810263343e+02
5.260794039541792699e+02 4.001505088467984024e+02 4.012684287710074500e+02 4.033562277221224122e+02 8.207576069793337865e+02 8.010444665610344828e+02 1.431379885091325377e+03 4.571157178392137439e+02
5.280504047317963341e+02 4.002511919321390792e+02 4.016176901812115716e+02 4.018021710686801953e+02 8.202692265381477910e+02 7.991915021678443054e+02 1.431277101333961127e+03 4.592215306641908228e+02
5.299716343566130945e+02 4.003690710629932141e+02 4.020016914697295078e+02 4.013666075879765458e+02 8.197522537399439670e+02 7.975460656827667663e+02 1.431176957503522999e+03 4.613096919338411226e+02
5.319887065159554140e+02 4.005001279371718397e+02 4.024183143140671177e+02 4.011550766256810903e+02 8.190545022205776604e+02 7.959652857492914109e+02 1.431067399793584173e+03 4.633232525624091522e+02
5.339055581599360494e+02 4.006678972771787812e+02 4.029062327134518569e+02 4.010556702086490759e+02 8.184406484040091527e+02 7.946115209369739887e+02 1.430964426192336077e+03 4.652417770835247666e+02
5.360116039733250091e+02 4.009265385673321589e+02 4.035601623258870063e+02 4.010011600186138025e+02 8.178452301376451032e+02 7.932675227253016601e+02 1.430855694110398872e+03 4.675417157239905919e+02
5.380373658854020960e+02 4.011707043225422922e+02 4.041534560583360189e+02 4.009796197652732417e+02 8.169626205519750783e+02 7.920426094137785640e+02 1.430746446746221864e+03 4.696345133673326018e+02
5.401138476708912322e+02 4.014148405760456626e+02 4.047686715178342638e+02 4.009713897578715773e+02 8.157997858567363210e+02 7.908431655321037397e+02 1.430624371466305774e+03 4.714892577427916081e+02
5.420303719522164556e+02 4.016577157213273495e+02 4.053787633217480675e+02 4.009674872018331371e+02 8.146481271704263918e+02 7.897788513749395634e+02 1.430507368947590066e+03 4.731405993280938560e+02
5.439127509660057740e+02 4.018793116767494098e+02 4.059556427681807236e+02 4.009639907336251667e+02 8.133551028008450885e+02 7.887473390049699447e+02 1.430382964719698521e+03 4.745921342669331580e+02
5.455852971789081494e+02 4.021047557539382069e+02 4.065065631787086886e+02 4.009615170526402039e+02 8.122157873542454354e+02 7.878489025955001352e+02 1.430268173587066940e+03 4.758206677110848659e+02
5.455852971789081494e+02 4.021047557539382069e+02 4.065065631787086886e+02 4.009615170526402039e+02 8.122157873542454354e+02 7.878489025955001352e+02 1.430268173587066940e+03 4.758206677110848659e+02
5.527289403489817232e+02 4.033292480995812639e+02 4.087784386691563441e+02 4.009515649050301818e+02 8.072397999521861038e+02 7.840185225923656844e+02 1.429747564394918982e+03 4.805442054590288308e+02
5.527289403489817232e+02 4.033292480995812639e+02 4.087784386691563441e+02 4.009515649050301818e+02 8.072397999521861038e+02 7.840185225923656844e+02 1.429747564394918982e+03 4.805442054590288308e+02
5.539944023820268058e+02 4.035852524299812671e+02 4.091117686921729728e+02 4.009504536838511513e+02 8.063044454197649884e+02 7.833275983751484546e+02 1.429646326179922198e+03 4.812299949791281506e+02
5.559232098394986679e+02 4.039527144713583766e+02 4.095114442409738444e+02 4.009474950238052315e+02 8.047402446063302932e+02 7.822579335146307358e+02 1.429471537563586480e+03 4.821154801104848389e+02
5.578423663316226566e+02 4.044671042943621728e+02 4.100814748514819712e+02 4.009461271588670570e+02 8.034064565994799523e+02 7.812098918333083475e+02 1.429310052900646497e+03 4.832011928085082104e+02
5.600326323103456616e+02 4.050949761052611393e+02 4.106897763361898228e+02 4.009443789655806540e+02 8.018489865540340134e+02 7.799952715375372918e+02 1.429124034181727893e+03 4.846432694249334645e+02
5.620721769261484724e+02 4.055297232360949238e+02 4.110088175002790081e+02 4.009407914379352746e+02 8.001015478193974104e+02 7.788214294128270012e+02 1.428918714820956211e+03 4.859745275479443194e+02
5.638638945273088439e+02 4.058307387242244317e+02 4.112251125213063006e+02 4.009374576949475113e+02 7.984287668161201736e+02 7.777878053005185848e+02 1.428693427130071768e+03 4.870015296255840553e+02
5.662474431552144551e+02 4.060196911505670414e+02 4.113376701150347685e+02 4.009325996555664346e+02 7.958447189348978554e+02 7.764364348633323516e+02 1.428241081768543609e+03 4.878187217157876034e+02
5.678234796541258902e+02 4.061509452376100739e+02 4.114947402351787105e+02 4.009277975743439697e+02 7.941234958898730838e+02 7.755617349310837199e+02 1.427875853370355117e+03 4.880793094060040858e+02
5.705677705887384263e+02 4.063565523022339221e+02 4.116911524891263525e+02 4.009196026018839802e+02 7.911911847277145853e+02 7.740048026077062104e+02 1.427218000799323363e+03 4.883420577410263377e+02
5.716489009019369405e+02 4.064208464335055737e+02 4.116976293911252469e+02 4.009166528480481020e+02 7.900235628296825325e+02 7.733672376883267816e+02 1.426972351622407359e+03 4.883046300556918595e+02
5.741822979271603344e+02 4.065511988557532845e+02 4.113667905842848995e+02 4.009121953487021415e+02 7.873244715452913169e+02 7.718312718203808345e+02 1.426434810124853811e+03 4.880580797945984841e+02
5.758719896750499174e+02 4.065940176555720313e+02 4.107158197545186908e+02 4.009126280230184989e+02 7.854375204979320415e+02 7.707334034252702395e+02 1.426128234542730752e+03 4.876945495514969480e+02
5.776905611317073408e+02 4.066913905304176637e+02 4.098316388084365371e+02 4.009110764312885067e+02 7.836290571500873057e+02 7.695928747181163772e+02 1.425778838222964168e+03 4.873568682098926388e+02
5.798024676568008999e+02 4.068056366801536115e+02 4.089225795492324096e+02 4.009101600201116753e+02 7.817168902561434152e+02 7.682844542609470864e+02 1.425324606972592619e+03 4.870956077501870141e+02
5.818740348134210763e+02 4.068478720165969662e+02 4.092955400894016407e+02 4.009245917086332156e+02 7.796956202019581497e+02 7.669030765889310715e+02 1.424929039576160676e+03 4.866917066216681746e+02
5.842555674453985830e+02 4.069484054342541981e+02 4.117430565128828448e+02 4.009457249702085164e+02 7.776889305210942211e+02 7.653581180466021578e+02 1.424429210065347661e+03 4.863503751937747666e+02
5.864051763659472272e+02 4.070802742808234598e+02 4.151290283688165346e+02 4.009568822689648186e+02 7.762704582522250121e+02 7.640492184588161990e+02 1.423798378254924273e+03 4.863280837182027767e+02
5.881086187030546171e+02 4.072230546515402239e+02 4.179152571769183169e+02 4.009587090858075840e+02 7.753733486588638470e+02 7.630894886345256509e+02 1.423139340486410219e+03 4.864846296475597001e+02
5.896779658978089174e+02 4.074445530502283077e+02 4.198546747847380516e+02 4.009693906483143451e+02 7.747426023376289095e+02 7.622175660101847825e+02 1.422504288524724643e+03 4.868339557491330538e+02
5.917123325846536090e+02 4.077449007302001860e+02 4.219180280217664745e+02 4.009913431239513102e+02 7.739641168191618590e+02 7.610465224935715014e+02 1.421810326516284704e+03 4.874240163588840460e+02
5.941922130800106743e+02 4.081280673188750825e+02 4.236882517271616280e+02 4.009895294625668498e+02 7.730105504995913179e+02 7.596529435153795475e+02 1.421018986840216485e+03 4.882603473136178991e+02
5.955964345632945651e+02 4.083611971876596840e+02 4.244643950615180188e+02 4.009651430345602421e+02 7.724626113790878890e+02 7.588903196910162023e+02 1.420594568798363525e+03 4.888065966963235383e+02
5.980964772966189003e+02 4.086659563714330829e+02 4.267308185657033732e+02 4.009460370971978023e+02 7.712433740752890117e+02 7.576542400579317018e+02 1.419555299278078564e+03 4.894687627297998915e+02
5.994608160503731824e+02 4.088455863127181260e+02 4.280709877295511205e+02 4.009428773695668156e+02 7.705482170985579842e+02 7.570181388876417259e+02 1.418939008861652155e+03 4.897450267774253234e+02
6.023872657024131740e+02 4.092804854590606851e+02 4.302777978185952747e+02 4.009404258205981364e+02 7.691187208416646399e+02 7.557567953357028046e+02 1.417501563386459111e+03 4.903361020839627145e+02
6.039483319215750043e+02 4.095086314461380539e+02 4.311370121572330163e+02 4.009407660486504597e+02 7.683799106402054804e+02 7.551313784566962113e+02 1.416669093687183249e+03 4.907098712375195646e+02
6.060464936293593610e+02 4.098858968891190102e+02 4.312264342913000519e+02 4.009424858943038998e+02 7.674700979217651593e+02 7.542775176740009329e+02 1.415690662094471008e+03 4.913539852222688182e+02
6.089981835977838500e+02 4.101881001942439298e+02 4.315146758167603025e+02 4.009421641762091326e+02 7.659998285289937030e+02 7.532546425837368815e+02 1.413877981518357046e+03 4.921655136251544036e+02
6.089981835977838500e+02 4.101881001942439298e+02 4.315146758167603025e+02 4.009421641762091326e+02 7.659998285289937030e+02 7.532546425837368815e+02 1.413877981518357046e+03 4.921655136251544036e+02
6.116133844096153780e+02 4.104974652065236000e+02 4.311234618072144826e+02 4.009376335498134836e+02 7.647123806847484957e+02 7.525000329877676677e+02 1.411781086469906768e+03 4.927062032028652538e+02
6.138726258920021337e+02 4.106825935466174542e+02 4.313603620894946289e+02 4.009336813632710346e+02 7.634289503810293809e+02 7.518344687474511829e+02 1.409957865957676631e+03 4.930289744501852738e+02
6.164863925938705052e+02 4.108261502657261417e+02 4.322170322715779776e+02 4.009309459659441472e+02 7.616641498697791803e+02 7.509550341024000772e+02 1.408258264142043117e+03 4.928753293943747167e+02
6.176355891577337616e+02 4.108718746915458269e+02 4.326782570624834534e+02 4.009301519663936233e+02 7.608899511063083310e+02 7.505753382897377151e+02 1.407537566817675042e+03 4.927719544842689174e+02
6.199127760635850564e+02 4.109638978018885496e+02 4.331642876670849773e+02 4.009317518403991016e+02 7.594981863304587932e+02 7.498695683802234271e+02 1.406094256513177243e+03 4.926100546040904078e+02
6.217632045511727483e+02 4.111725190599481721e+02 4.328529143951688525e+02 4.009296172238068721e+02 7.586969375835675464e+02 7.494080054542043854e+02 1.404595965549895936e+03 4.928385043813448760e+02
6.244737765737471591e+02 4.116056328237812636e+02 4.317273789328284579e+02 4.009215368458677631e+02 7.576679441734831926e+02 7.487081333047402723e+02 1.402566948115438890e+03 4.934949589756923842e+02
6.257097571099228617e+02 4.117933368914057155e+02 4.313223496359875639e+02 4.009169326923562267e+02 7.571882322888412773e+02 7.483857803629151704e+02 1.401695178697552819e+03 4.938493262011671732e+02
6.281235430926142271e+02 4.123130355074936233e+02 4.297477065273732251e+02 4.009108737807108582e+02 7.563844838191828330e+02 7.477326042111698143e+02 1.400271950259138748e+03 4.947886522006197652e+02
6.298835194018693073e+02 4.126240782349505594e+02 4.290304228457507634e+02 4.009174362704831083e+02 7.557383396220843679e+02 7.472751621916347631e+02 1.399196026913859441e+03 4.955006874163191242e+02
6.318603450836800448e+02 4.130628404189199046e+02 4.276295008285446215e+02 4.009337480829394167e+02 7.551265176617531552e+02 7.467664858474091716e+02 1.398133324534522444e+03 4.965308544991039525e+02
6.339960487167169276e+02 4.138661371702858673e+02 4.254877858339116870e+02 4.009144257636728526e+02 7.547788451813987649e+02 7.462351918663200649e+02 1.397290774546570447e+03 4.986723376935512420e+02
6.360011017535057363e+02 4.152976278446191145e+02 4.243678017865806851e+02 4.008891502344878859e+02 7.547532582585597538e+02 7.457805330817694767e+02 1.396676097156841024e+03 5.025169981358271798e+02
6.379837833224485166e+02 4.179252089330363447e+02 4.247700194313865723e+02 4.008762806314477416e+02 7.548742366692520136e+02 7.453706819826754781e+02 1.396163948514086087e+03 5.087927668450745387e+02
6.399563783587807393e+02 4.213599014346793297e+02 4.261258206247564999e+02 4.008726174193973293e+02 7.548482732308568757e+02 7.449714462046240442e+02 1.395680059674054519e+03 5.167913897036675053e+02
6.419769917338209098e+02 4.252085309658208416e+02 4.279114577626959317e+02 4.008727051433002089e+02 7.546516607213262660e+02 7.445663364955200905e+02 1.395197880906698629e+03 5.245636268712581796e+02
6.439790453840039390e+02 4.283027837071105068e+02 4.299965471990357173e+02 4.008742628829785417e+02 7.541558331058885187e+02 7.441326249395783634e+02 1.394703151817641583e+03 5.275780552567537143e+02
6.460556628174256275e+02 4.305879154264781050e+02 4.322095617963619247e+02 4.008760186360478315e+02 7.533569765063398336e+02 7.436317440956166820e+02 1.394156736533877165e+03 5.266518111373471811e+02
6.480487612263972323e+02 4.321622418560961023e+02 4.341675764091891665e+02 4.008775243973682905e+02 7.524105551040915998e+02 7.431017792358858287e+02 1.393592084677007506e+03 5.233944870450611688e+02
6.501089535910591621e+02 4.332090872924308087e+02 4.359335933832072669e+02 4.008791453309820554e+02 7.513054602300862825e+02 7.424944039096828874e+02 1.392965056979442807e+03 5.177922335928770963e+02
6.521396906056917260e+02 4.336708447927362045e+02 4.372594534708579204e+02 4.008803929272929736e+02 7.500922826431876729e+02 7.418301797713811538e+02 1.392266541854969319e+03 5.109194077442049888e+02
6.541520924779997586e+02 4.341522776784918278e+02 4.386230539344670092e+02 4.008816315535989361e+02 7.489153239153924915e+02 7.411319364219966701e+02 1.391524147245259883e+03 5.034142959739150456e+02
6.559359834281533495e+02 4.344706001020595636e+02 4.396558597337451602e+02 4.008832061716450426e+02 7.478945886756572463e+02 7.404750042417279019e+02 1.390846940509905153e+03 4.963507622107854331e+02
6.582149299040903543e+02 4.345277355222191886e+02 4.403417332533039144e+02 4.008834890322941078e+02 7.464647591007410483e+02 7.395939162349254730e+02 1.389753567180331856e+03 4.890394320359063158e+02
6.603343741534997662e+02 4.342805810241530935e+02 4.402639287479078121e+02 4.008825615461532834e+02 7.449312941863807964e+02 7.387693399671750285e+02 1.388343102165718619e+03 4.846214531417668354e+02
6.615387032448783202e+02 4.342578590617898158e+02 4.402007337867196384e+02 4.008812920674490670e+02 7.439894892225673857e+02 7.382802084235549955e+02 1.387513053694988002e+03 4.834307179146877047e+02
6.640764128300174889e+02 4.341859851366124872e+02 4.398389580890967068e+02 4.008791209657244394e+02 7.419815500390271836e+02 7.371924785489734404e+02 1.385990033316265453e+03 4.824636826255025994e+02
6.659562721674421937e+02 4.341833543994528100e+02 4.395832422479300021e+02 4.008776403820641008e+02 7.405503715826420148e+02 7.363615086056265682e+02 1.385041762076773921e+03 4.827627150932636368e+02
6.678699696744567973e+02 4.338866505163094303e+02 4.391845281859032752e+02 4.008765023822066951e+02 7.391659265664015948e+02 7.355152501233317253e+02 1.384066273549876314e+03 4.833137052675228915e+02
6.700503260733771640e+02 4.334389278709398923e+02 4.389635201520866872e+02 4.008746552039102653e+02 7.377840081293917365e+02 7.345752785407152032e+02 1.382891977598443646e+03 4.840161238374913069e+02
6.717783342062364227e+02 4.328228201283421868e+02 4.386841150735904193e+02 4.008737413236487441e+02 7.367617938189667939e+02 7.338378614268723368e+02 1.381882176747496942e+03 4.844545724191365252e+02
6.741922905734368214e+02 4.316637077934289550e+02 4.382288336728286140e+02 4.008746235427709053e+02 7.353784296793278372e+02 7.327993316288177539e+02 1.380529214004591950e+03 4.853413610674429606e+02
6.762164411378357727e+02 4.301111849921880435e+02 4.373887099105383527e+02 4.008819550137806118e+02 7.340065474251191517e+02 7.318714767059160522e+02 1.379621407740103450e+03 4.870310610449168394e+02
6.781152988658895993e+02 4.287234223473484462e+02 4.364841879470400841e+02 4.009038829607108028e+02 7.325989993000760023e+02 7.309722690903780631e+02 1.378899615612652269e+03 4.896050262116846170e+02
6.801239405855436644e+02 4.275868195390661981e+02 4.354347279784058173e+02 4.009562348773418421e+02 7.310470172696041118e+02 7.300035170902202708e+02 1.378192568724460671e+03 4.930671727863025353e+02
6.820634566668496745e+02 4.263050380981655962e+02 4.341766546127809079e+02 4.010602987562350563e+02 7.293789304917968366e+02 7.290334015722918366e+02 1.377581199185163769e+03 4.974061623775286876e+02
6.840358724993185433e+02 4.243730821770979560e+02 4.327732163997711154e+02 4.012264539449649305e+02 7.275622894302609893e+02 7.280103483696727835e+02 1.377003428729967709e+03 5.024766179897360985e+02
6.860442688850836248e+02 4.212082893549733740e+02 4.310382278035750687e+02 4.014511297374446031e+02 7.255715619869728243e+02 7.269139094724287133e+02 1.376451617641238045e+03 5.075796726158981755e+02
6.880189601042951608e+02 4.175442695507952067e+02 4.287825755246380481e+02 4.016499894979664873e+02 7.236173228356030904e+02 7.257842597570188445e+02 1.375921567354686658e+03 5.113572368001370023e+02
6.901005895314978034e+02 4.139034096630310842e+02 4.256827141574104303e+02 4.018172068201394040e+02 7.216235405574375363e+02 7.245287962383871445e+02 1.375353888608073021e+03 5.136687696676555106e+02
6.919707690199371655e+02 4.113473474924724087e+02 4.223641186024442504e+02 4.018985636190294599e+02 7.200123876292864225e+02 7.233545987047893959e+02 1.374809362909752053e+03 5.146341346520841853e+02
6.940834247808624013e+02 4.090716510409575903e+02 4.180528843958027210e+02 4.019855454437711160e+02 7.182878054928473830e+02 7.219617519296964474e+02 1.374161079370473544e+03 5.149080301141409564e+02
6.959927381615631248e+02 4.075322247222540000e+02 4.145089417632927393e+02 4.020400412138291131e+02 7.167698909259952416e+02 7.206439118132498152e+02 1.373565163946483381e+03 5.146700053064154190e+02
6.978093661007611672e+02 4.066184759259912198e+02 4.121450396796850555e+02 4.020373710041722006e+02 7.156569346856800848e+02 7.194117598185173392e+02 1.372889503888847003e+03 5.141992506000273124e+02
6.999321436286211338e+02 4.057914615279261170e+02 4.101825456182170910e+02 4.020427038782628415e+02 7.144417894891598735e+02 7.179492302228475182e+02 1.372038074491040561e+03 5.135010025868238017e+02
7.019275753923704997e+02 4.052918797119630199e+02 4.091074585072735772e+02 4.020463686961575718e+02 7.135983001630768285e+02 7.166327492254901017e+02 1.370961499719737049e+03 5.128967366082036961e+02
7.041138190178114655e+02 4.046289855902641079e+02 4.078503817684847377e+02 4.021601152163244706e+02 7.121999152889840161e+02 7.150758330473271371e+02 1.370081155292539506e+03 5.119652204733214376e+02
7.059296628461031560e+02 4.040754266977871794e+02 4.067794723244289798e+02 4.023612607899424347e+02 7.106775739300962869e+02 7.137111428813716429e+02 1.369488862151715011e+03 5.107907077579333759e+02
7.079916715962234548e+02 4.035043384237856117e+02 4.055497243982962914e+02 4.026540197533929586e+02 7.083122287398816752e+02 7.120418724629532790e+02 1.368971993378146408e+03 5.084448722099454017e+02
7.100651914410618701e+02 4.030761713330410885e+02 4.045834245286879991e+02 4.028585333772717263e+02 7.056092223148816629e+02 7.102941435996740438e+02 1.368509213672384249e+03 5.048904550156688629e+02
7.119390591336726857e+02 4.026653000628815562e+02 4.038449991637397147e+02 4.030099081416489639e+02 7.027530021561723288e+02 7.086015467071034664e+02 1.368134989192334160e+03 5.004511242376640325e+02
7.139504232285971739e+02 4.021915686953208251e+02 4.031666775126238349e+02 4.031144668485532634e+02 6.990805822923840651e+02 7.065847872490542159e+02 1.367780071826513904e+03 4.943843332346859256e+02
7.159959853392973628e+02 4.017979007917314220e+02 4.026318444916759631e+02 4.031479529605487642e+02 6.953630809604627530e+02 7.044210344746229566e+02 1.367431504521575334e+03 4.884762406212761903e+02
7.179940538271542891e+02 4.014258260262272415e+02 4.021750420378613740e+02 4.032496896183246236e+02 6.917204105330231414e+02 7.021574979286217513e+02 1.367097920713555823e+03 4.837061553516688264e+02
7.200298181745592956e+02 4.011273057928565322e+02 4.018583705684662846e+02 4.034040413809588017e+02 6.881725559656005089e+02 6.997223402190091974e+02 1.366757431517892201e+03 4.796790956608640499e+02
7.220271063759277013e+02 4.009069044738450316e+02 4.016817044563249510e+02 4.035714262954174387e+02 6.851253116543740589e+02 6.972926311582973540e+02 1.366406577484745867e+03 4.759892640870435798e+02
7.239476387295704853e+02 4.007111953770112791e+02 4.015362953813705076e+02 4.037709000213782815e+02 6.824559295583724179e+02 6.949138386287282856e+02 1.366053073965366366e+03 4.722825909756243163e+02
7.260316602320227730e+02 4.005322503796747355e+02 4.014171547229965427e+02 4.040291754775585673e+02 6.795585605306928301e+02 6.922345544725606032e+02 1.365670914372752804e+03 4.676966301484167730e+02
7.279765093698918008e+02 4.004027788559428700e+02 4.013565954496644963e+02 4.043138837205203231e+02 6.766869808258287549e+02 6.895945313704282853e+02 1.365329119711404473e+03 4.626709844196946619e+02
7.299639030911077953e+02 4.003155968586958124e+02 4.013469961189563833e+02 4.046231710159111117e+02 6.737381616086615850e+02 6.868113967792519361e+02 1.364990734387193243e+03 4.570790275176016735e+02
7.320533335290112973e+02 4.002473180105209281e+02 4.012575957751128612e+02 4.049938295039072500e+02 6.705393827029747627e+02 6.837582715499196411e+02 1.364650733326877344e+03 4.511438549734152730e+02
7.340359040469569436e+02 4.002055682653200392e+02 4.010615941467364678e+02 4.053837970866846945e+02 6.675028948733951211e+02 6.807780187668149665e+02 1.364338675449530911e+03 4.459211381692715577e+02
7.360162032776223668e+02 4.001779866259528831e+02 4.008610212478159269e+02 4.057897245412316352e+02 6.647097942721117079e+02 6.778346320294598399e+02 1.364019167249856309e+03 4.415583593048634725e+02
7.379979544340642406e+02 4.001546614389518481e+02 4.006680986283412267e+02 4.062143217314593358e+02 6.619652530241118029e+02 6.748245456246910408e+02 1.363701036253642314e+03 4.377476521363266215e+02
7.399686074696469404e+02 4.001361874840022210e+02 4.005198670789065432e+02 4.066634352868869087e+02 6.594046558150687360e+02 6.718485484570475137e+02 1.363377033984425225e+03 4.345504290936783036e+02
7.419687655291711508e+02 4.001220796988235975e+02 4.004056745689666741e+02 4.071730100483420642e+02 6.568766265656194037e+02 6.688069620633380055e+02 1.363047607761886638e+03 4.316262157155667296e+02
7.440083445648220959e+02 4.001134165784142738e+02 4.003540862371581852e+02 4.077794707502567348e+02 6.548150951379682283e+02 6.660136341025221327e+02 1.362652686104441727e+03 4.293913132578159662e+02
7.460648689966014899e+02 4.001021817563528771e+02 4.003073405980070447e+02 4.083298979801975293e+02 6.530213944039976468e+02 6.633650518962996330e+02 1.362185335077158925e+03 4.276896695454193491e+02
7.481144882023324953e+02 4.000929165883878227e+02 4.002866327546126399e+02 4.088283155131316562e+02 6.515632572197598620e+02 6.609519312296157523e+02 1.361604474260234383e+03 4.265605224593816729e+02
7.499326514657930147e+02 4.000855695327262538e+02 4.002691638499362057e+02 4.091503702000836711e+02 6.503736317072520023e+02 6.589006802301207699e+02 1.361066134180578047e+03 4.258105657237543937e+02
7.518819995379965349e+02 4.000828316061291048e+02 4.002721619283324799e+02 4.096321830056346016e+02 6.492942318418214427e+02 6.568480039380962126e+02 1.360473056119931698e+03 4.252648407529150063e+02
7.540329213570420279e+02 4.000885595233113463e+02 4.002905341682761104e+02 4.108430004578374906e+02 6.484089022814960117e+02 6.547933789533778963e+02 1.359791374892992280e+03 4.250880367615533260e+02
7.557798062338642922e+02 4.001013283003791230e+02 4.003184231817280079e+02 4.125067295189791139e+02 6.478420603195370404e+02 6.532563049685013539e+02 1.359219178946901138e+03 4.251422081883412716e+02
7.580952378518559271e+02 4.001184683077642603e+02 4.003786353819918986e+02 4.133738616902703598e+02 6.472034875163186598e+02 6.513681147825916469e+02 1.358466884658592562e+03 4.253646759135092452e+02
7.597433261515617460e+02 4.001333602503834186e+02 4.004529579696994688e+02 4.120606828050294439e+02 6.468312301203170591e+02 6.501344157395016055e+02 1.357947306162645418e+03 4.255758629253811023e+02
7.621051803600507810e+02 4.001400519529530584e+02 4.005293058393642696e+02 4.064866116286761439e+02 6.462019321900077102e+02 6.484573102358375536e+02 1.357180203396120760e+03 4.257599787441199055e+02
7.640507246639283494e+02 4.001434108320775067e+02 4.005877563485958035e+02 4.040919281140780299e+02 6.456310314734291751e+02 6.471744131949415078e+02 1.356521811560878177e+03 4.257773680810063297e+02
7.660521086550231757e+02 4.001485341316943050e+02 4.006611142310900391e+02 4.027585647907259840e+02 6.451059087241887937e+02 6.459715555965367457e+02 1.355837518482041105e+03 4.258098853246322619e+02
7.680482553054342816e+02 4.001581240368554973e+02 4.007638409092561460e+02 4.019330436586956807e+02 6.447121224444165364e+02 6.448963035152244174e+02 1.355157518841526553e+03 4.259311056377848672e+02
7.698649100948948671e+02 4.001796869036937778e+02 4.008947137862700174e+02 4.015530120467157644e+02 6.445221435483822461e+02 6.440233519843779959e+02 1.354565677006527039e+03 4.262084739298109071e+02
7.720437839066463539e+02 4.002291576371447945e+02 4.011084915122759185e+02 4.013088424792690034e+02 6.445032029715000590e+02 6.430825390458212496e+02 1.353962474438995287e+03 4.267981574073942284e+02
7.738183542588501496e+02 4.002897245357382303e+02 4.013144351830360392e+02 4.011363459843110491e+02 6.446003534617194646e+02 6.423877693686279144e+02 1.353522551058978024e+03 4.274320132960572778e+02
7.762746036174711435e+02 4.003429116666582672e+02 4.014814608997104415e+02 4.009628087365048259e+02 6.444297432932264655e+02 6.414599242633438507e+02 1.352806238919513589e+03 4.280744727227676663e+02
7.783441167839266654e+02 4.003864527340417681e+02 4.015939645200454038e+02 4.008744614784650935e+02 6.441833268272285977e+02 6.407402604833836222e+02 1.352101850882472036e+03 4.284420724617363589e+02
7.801787930945434937e+02 4.004283012609522530e+02 4.016689156315714513e+02 4.008258065639277561e+02 6.439227892354309688e+02 6.401518603848796829e+02 1.351386516949406314e+03 4.286923624749867940e+02
7.820103105184443848e+02 4.004813223978401311e+02 4.017247089369159312e+02 4.007954446190976796e+02 6.436876144649013440e+02 6.396028114978669237e+02 1.350670674058417262e+03 4.289549652752662041e+02
7.834455612191534328e+02 4.005019465376060452e+02 4.017278960650222643e+02 4.007760074746122427e+02 6.433626193104489630e+02 6.391863772734063787e+02 1.349978786000393029e+03 4.290705795961850981e+02
7.861567421515239857e+02 4.005719194174259883e+02 4.017945271130021183e+02 4.007499385664746683e+02 6.429597358043334907e+02 6.384749020334572833e+02 1.348686049942489717e+03 4.293841738685443943e+02
7.875432919103005815e+02 4.006020359565336548e+02 4.018481976529646431e+02 4.007415583869372995e+02 6.427799846854177304e+02 6.381314273973231366e+02 1.348009036426620241e+03 4.295715678624954990e+02
7.904018068145137477e+02 4.006252131438027391e+02 4.020021289326319334e+02 4.007283865751346070e+02 6.423096995050119631e+02 6.374390565603341656e+02 1.346572950097967578e+03 4.299325937027932127e+02
7.914965891113535008e+02 4.006314755679547375e+02 4.020941597918090906e+02 4.007250807436606124e+02 6.421484103692905592e+02 6.371741099727498749e+02 1.346083470779247136e+03 4.300820334263233349e+02
7.942645959371204754e+02 4.006341337518606451e+02 4.024506133634840239e+02 4.007199362082278640e+02 6.418210892792817504e+02 6.365277973019744877e+02 1.344929578680690611e+03 4.305043976108103152e+02
7.957660101036452716e+02 4.006335207044955382e+02 4.027308643841044500e+02 4.007239346693318680e+02 6.417563023256581118e+02 6.361989749202442681e+02 1.344360711760427876e+03 4.308209869519888571e+02
7.978967416850165364e+02 4.006911701826446688e+02 4.032835076790222502e+02 4.007350862491584849e+02 6.419756146569335442e+02 6.357762409659487730e+02 1.343661756940834948e+03 4.314850431515903892e+02
8.001508922303257805e+02 4.008491957548337723e+02 4.038662987247262208e+02 4.007170608182221372e+02 6.424293722505520918e+02 6.353648631202850083e+02 1.343050608726998234e+03 4.324092228271875911e+02
8.018660227899180200e+02 4.010787110736123395e+02 4.044146029271887528e+02 4.006823239669796521e+02 6.429988489896315969e+02 6.350913129667914063e+02 1.342646250708758089e+03 4.332479033229550964e+02
8.040236027259738876e+02 4.014164202560363037e+02 4.050663164749387306e+02 4.006599639840641771e+02 6.436916680891744136e+02 6.347577177287232644e+02 1.342154829896021056e+03 4.343112633023919216e+02
8.059161669056605888e+02 4.017048324141431976e+02 4.055096994020515808e+02 4.006527728036331837e+02 6.440968978390583288e+02 6.344564037116446116e+02 1.341689163525821641e+03 4.350919266297189552e+02
8.078644421798669555e+02 4.019734588435813407e+02 4.057961748596296729e+02 4.006507152388381883e+02 6.442991412489216145e+02 6.341372769191882526e+02 1.341154667998473315e+03 4.357456214980112463e+02
8.101488063139833002e+02 4.021559360927763578e+02 4.058904338774513576e+02 4.006480926704911667e+02 6.440856699440869306e+02 6.337513353887720768e+02 1.340282901595652220e+03 4.361929822580440259e+02
8.118899718090428905e+02 4.022852800798090698e+02 4.059144603555229196e+02 4.006456468416761254e+02 6.438263535999548139e+02 6.334524705345744451e+02 1.339573876842591972e+03 4.364330736506265112e+02
8.137004544072426597e+02 4.023918358082162854e+02 4.058661794865421371e+02 4.006426370233807006e+02 6.434551546880873047e+02 6.331305037926699697e+02 1.338818431484478197e+03 4.366164270768769597e+02
8.162327761161050148e+02 4.027442423372987719e+02 4.060981309555295411e+02 4.006419899361818011e+02 6.434312078707993123e+02 6.327441964897308253e+02 1.337777240002033068e+03 4.370697536174805009e+02
8.182931446627409287e+02 4.030600040454284567e+02 4.062735832688264281e+02 4.006464899639977375e+02 6.435329407045724111e+02 6.324221391943053732e+02 1.337010669183123355e+03 4.375729410548067904e+02
8.196096532779305335e+02 4.032540101201078642e+02 4.063994200359105662e+02 4.006498859530208847e+02 6.435941510230418316e+02 6.322103520821019629e+02 1.336530116450339619e+03 4.379065836562310210e+02
8.221671188111937454e+02 4.035357639955194031e+02 4.066022755442904781e+02 4.006568530620775164e+02 6.435525666778363529e+02 6.317913715672516446e+02 1.335467937833835322e+03 4.384724784195277039e+02
8.235042278932818363e+02 4.036184389765291485e+02 4.066391977187724933e+02 4.006585062625995874e+02 6.434190994551604490e+02 6.315827302991751822e+02 1.334771627331098898e+03 4.387186592099189397e+02
8.255274110287233498e+02 4.036348171049911571e+02 4.065363932753161862e+02 4.006563995947373087e+02 6.428746134612310925e+02 6.312555028077325687e+02 1.333474979816183122e+03 4.389406516662309059e+02
8.277694999505333726e+02 4.035950982629055943e+02 4.063713756521378855e+02 4.006513641970597632e+02 6.420529709069875253e+02 6.308012242518805124e+02 1.332312915941540268e+03 4.390211341614269713e+02
8.292289929168074423e+02 4.036344724277858518e+02 4.063836472960035735e+02 4.006482023777929840e+02 6.417034583793725915e+02 6.305553326357178321e+02 1.331475223586964148e+03 4.391057616638140075e+02
8.322190231797569595e+02 4.036169192517673423e+02 4.062726981067448264e+02 4.006425935624753265e+02 6.409528662679607578e+02 6.300284881474516396e+02 1.329692133614964860e+03 4.393153874108783725e+02
8.337991274704249918e+02 4.035861660587933670e+02 4.062094101762895093e+02 4.006399069934312251e+02 6.405788252746335729e+02 6.297520301744610833e+02 1.328712290527415917e+03 4.394391088724370888e+02
8.367715204642606750e+02 4.034881159283463603e+02 4.061105652335926379e+02 4.006349682389926556e+02 6.398979635100409951e+02 6.292216462918011075e+02 1.326876778115501111e+03 4.396633737737147385e+02
8.377926786543953313e+02 4.033927974842908952e+02 4.060062435971881314e+02 4.006337076042663625e+02 6.395678268086704747e+02 6.290057731855408747e+02 1.326328726473031566e+03 4.397047367132641398e+02
8.401624739814102441e+02 4.030176116768697057e+02 4.056277944894806069e+02 4.006312913225029888e+02 6.385101839176791145e+02 6.284228439248350924e+02 1.325355570197216139e+03 4.396075810133988284e+02
8.418394142673403167e+02 4.026175724719271329e+02 4.052507357102893479e+02 4.006407030630170425e+02 6.375675488064248384e+02 6.279668189506950284e+02 1.324779754054980003e+03 4.393926294514878919e+02
8.438482386961792372e+02 4.020916923158300733e+02 4.048662067682366228e+02 4.006686606094908711e+02 6.365036072136812209e+02 6.274244820889699668e+02 1.324108938752651966e+03 4.390665866173066547e+02
8.458270794251434381e+02 4.016623374749885329e+02 4.045934962022192281e+02 4.007013012420317182e+02 6.356914905139528855e+02 6.269263250598705781e+02 1.323376624389378776e+03 4.388153258439681963e+02
8.479910717360667149e+02 4.013724439433581210e+02 4.043649487829397344e+02 4.007391200014765218e+02 6.349017974927039631e+02 6.263871638691199450e+02 1.322536669547996098e+03 4.385541300586189664e+02
8.502716863854329858e+02 4.012824895480482041e+02 4.041727245464358589e+02 4.007737448066565662e+02 6.342500163451621802e+02 6.258447994881389604e+02 1.321488044298438126e+03 4.384106452745857609e+02
8.522979421029682499e+02 4.013353324392976447e+02 4.040280742121283311e+02 4.008110092096094377e+02 6.335988679890230060e+02 6.253381115298968780e+02 1.320611357123998687e+03 4.382162723898347849e+02
8.538222485964223551e+02 4.014348692927464981e+02 4.039665787589689216e+02 4.008370658235109545e+02 6.331628726100606173e+02 6.249654161365303935e+02 1.319910857603254271e+03 4.380856425737023301e+02
8.561480413007624293e+02 4.016618390842128861e+02 4.036757896928674541e+02 4.009357866434846756e+02 6.319937849553826936e+02 6.242816792862086004e+02 1.319060957880505612e+03 4.376130665259945545e+02
8.579257688961143913e+02 4.018113815788105967e+02 4.034377212966234652e+02 4.010420411232738047e+02 6.309121824621892074e+02 6.237190974039519915e+02 1.318503153771757297e+03 4.370518201717312081e+02
8.599527922233645540e+02 4.019122131879087192e+02 4.032224969785676763e+02 4.011559080602209519e+02 6.297053997647042252e+02 6.230721578340610449e+02 1.317888600347095917e+03 4.363173747367854958e+02
8.618585442383424606e+02 4.019369905176185966e+02 4.030796759410204686e+02 4.012455471504286493e+02 6.287112410797998336e+02 6.224763590990336297e+02 1.317277519685352672e+03 4.356827414960811211e+02
8.639507993591990953e+02 4.018787746707462247e+02 4.029727340107629061e+02 4.013251797578213882e+02 6.277327900322790128e+02 6.218288748368081542e+02 1.316578169497649469e+03 4.350289605696862623e+02
8.660481501231270158e+02 4.017625709443908022e+02 4.029107089758090297e+02 4.013852327806517906e+02 6.269482308037291887e+02 6.212054215966604716e+02 1.315796044676159909e+03 4.344980288704786631e+02
8.681457455206926852e+02 4.016173836833075939e+02 4.028630797407722639e+02 4.014396765836954728e+02 6.263041033627888510e+02 6.205970315464358009e+02 1.314892159749042548e+03 4.341031782500620011e+02
8.700315420524315186e+02 4.014465616059011950e+02 4.027507609661591346e+02 4.015468339607596135e+02 6.253905529398439285e+02 6.199594830354160422e+02 1.314223384142660962e+03 4.335755607865247043e+02
8.720435343312911982e+02 4.012467992350173063e+02 4.025812890038899923e+02 4.017297576366779595e+02 6.240881906148606504e+02 6.191976187069765274e+02 1.313626324709715846e+03 4.327755931775175782e+02
8.740006182130136949e+02 4.010719865232343864e+02 4.024275050850504272e+02 4.019325656364329689e+02 6.226723299769117830e+02 6.184099817205287763e+02 1.313103999905094952e+03 4.318374415514954876e+02
8.759397913134922646e+02 4.009121660005231433e+02 4.022728535036363269e+02 4.021802192978457242e+02 6.210805143883954997e+02 6.175731688197325866e+02 1.312626564722562534e+03 4.307958941497180376e+02
8.779622948819131807e+02 4.007859564345968124e+02 4.020950635644302906e+02 4.024495675560457357e+02 6.194026870945934888e+02 6.166624449368871410e+02 1.312152985046343929e+03 4.296673182298484335e+02
8.798737957573371204e+02 4.006902619322028158e+02 4.018850456206426429e+02 4.026688504609227834e+02 6.181826644334503271e+02 6.158290817752440489e+02 1.311661574507716750e+03 4.288080499023590164e+02
8.820830831980457560e+02 4.005636266276017068e+02 4.017321882466037550e+02 4.028719877111250298e+02 6.171278451597127059e+02 6.149092778681635991e+02 1.311002242348926302e+03 4.280772840451804768e+02
8.840003474918435131e+02 4.004041588962346054e+02 4.016482061868355231e+02 4.031578509455214316e+02 6.158811473306592461e+02 6.140245161313685003e+02 1.310470111847674161e+03 4.274183098538448462e+02
8.859414958419545201e+02 4.002975420546511600e+02 4.015009954093748661e+02 4.036257260245567977e+02 6.141411006424971220e+02 6.129808541530445609e+02 1.310036352328304702e+03 4.265107587434279139e+02
8.879956443576355696e+02 4.002389361869543905e+02 4.013432109273560400e+02 4.042274128865456078e+02 6.121898593071874757e+02 6.117961546031531270e+02 1.309614687874010997e+03 4.254599935930530705e+02
8.899275521300775154e+02 4.002107958133217949e+02 4.012161388986401676e+02 4.048723953937275724e+02 6.103907555343838567e+02 6.106389151046298593e+02 1.309234701047415683e+03 4.244491024349885606e+02
8.920020548734803469e+02 4.001895517585729749e+02 4.010146429813441955e+02 4.056158531360474058e+02 6.086316993172480352e+02 6.093841998081800284e+02 1.308814503203107051e+03 4.234495783011034860e+02
8.940700661418499067e+02 4.001712106292619069e+02 4.007384868083834704e+02 4.064324358644286121e+02 6.068875670008166026e+02 6.080670494571934341e+02 1.308399810656356294e+03 4.224470089214997870e+02
8.958963892647909688e+02 4.001574763846555243e+02 4.005676614154929780e+02 4.072014347464235016e+02 6.054776856053724714e+02 6.068908859296209357e+02 1.308021763527322491e+03 4.215896440472278073e+02
8.980941603440435301e+02 4.001411005526745726e+02 4.004190726887187566e+02 4.081497798864301672e+02 6.038901870887050336e+02 6.054471525865131980e+02 1.307551052121753401e+03 4.205841922699797806e+02
8.999713276881656157e+02 4.001282802272099275e+02 4.003292083721558470e+02 4.089623437204233483e+02 6.025899220337497582e+02 6.041854602059045192e+02 1.307138409607190624e+03 4.197363390451379814e+02
9.019970286008639277e+02 4.001159383445516369e+02 4.002530895668119797e+02 4.098438892446046680e+02 6.011179495165355320e+02 6.027486576283605473e+02 1.306705529106620361e+03 4.187597879584224643e+02
9.040167463330069495e+02 4.001082446830816934e+02 4.002018402972361173e+02 4.108191418908814398e+02 5.996628355475954777e+02 6.012858835205761352e+02 1.306278034377418862e+03 4.177488214890080371e+02
9.059346687209075526e+02 4.001034982349061693e+02 4.001620441769455283e+02 4.117799643014029698e+02 5.982248120036146020e+02 5.998391006816057143e+02 1.305885432858590320e+03 4.167307580123921298e+02
