0.000000000000000000e+00
1.989842902980386574e+00
4.004842637545607431e+00
5.978677932149162544e+00
8.009827062871599068e+00
1.002021572675855765e+01
1.202481123235936167e+01
1.398274579466876233e+01
1.606566173067565373e+01
1.801166380513506482e+01
2.006989920552582873e+01
2.203393403339934764e+01
2.378317307725402685e+01
2.584587113012980453e+01
2.808545311771691999e+01
3.002032156315914335e+01
3.177094132311322028e+01
3.414753283063689793e+01
3.579313321830480277e+01
3.806560261433735803e+01
3.993259469189199962e+01
4.198828451366654946e+01
4.404655776664462508e+01
4.603227038066260945e+01
4.797901246194099656e+01
4.999739466271063293e+01
5.194692763865293728e+01
5.405899730190557761e+01
5.590978360159729021e+01
5.806239377057076467e+01
5.993479070964672673e+01
6.206967317843806597e+01
6.411904858803542595e+01
6.587107963276693567e+01
6.806987216823208087e+01
6.994624101871127664e+01
7.202312602019955534e+01
7.391167232625096517e+01
7.594302904273533272e+01
7.802260651985035622e+01
7.998425182207427042e+01
8.184433765527727189e+01
8.378471041112878481e+01
8.582746189741398268e+01
8.800226999142601869e+01
9.009753973734352428e+01
9.180515975498269654e+01
9.382258109974380034e+01
9.587453802912563106e+01
9.808032782138062089e+01
9.980548599128623266e+01
1.017631570348254968e+02
1.043651232880841491e+02
1.055987240235134550e+02
1.084422716423757436e+02
1.101180966318691929e+02
1.118568067205665670e+02
1.139798752883619812e+02
1.160721529771929710e+02
1.178177424881860418e+02
1.198398771867032906e+02
1.219097091562005204e+02
1.238536428416263107e+02
1.259221511007984304e+02
1.279840395148332988e+02
1.300383802605067558e+02
1.319339434512131390e+02
1.339836415327899601e+02
1.360342372001096862e+02
1.380227548462624156e+02
1.399817276542762841e+02
1.420335803101318106e+02
1.439760401142477804e+02
1.459843149585549327e+02
1.479658246569579205e+02
1.500330409018655757e+02
1.519811043893165845e+02
1.539897807114388399e+02
1.559561478589494072e+02
1.579414109655228913e+02
1.599944107014502777e+02
1.621214583610885711e+02
1.641646131430543392e+02
1.658456130484689197e+02
1.681501230477156810e+02
1.701429114304180246e+02
1.719534222310777807e+02
1.740525330811350955e+02
1.759616422467136658e+02
1.780141261536119544e+02
1.800029564965562656e+02
1.820003961644193282e+02
1.839297511347677698e+02
1.860519730088471988e+02
1.879491201008349890e+02
1.900364283177854645e+02
1.918751726373485837e+02
1.941450462686547382e+02
1.957603420187691086e+02
1.980151993346213146e+02
2.001814697939724965e+02
2.014310297617164736e+02
2.040112016938819863e+02
2.061401122738786285e+02
2.079013066855960972e+02
2.099849743036687642e+02
2.118975820921786521e+02
2.140785268627336109e+02
2.160093066830432349e+02
2.180509994141598327e+02
2.200228551146860809e+02
2.220230710087170678e+02
2.240139658088898500e+02
2.260388809303900359e+02
2.279855138917054376e+02
2.300203093156266902e+02
2.320106799764185439e+02
2.339804259008107294e+02
2.359541023130180974e+02
2.380774542058863688e+02
2.399446392797113106e+02
2.421343893509902614e+02
2.437457682160590764e+02
2.463603564633547762e+02
2.480692284195582431e+02
2.499265200625438581e+02
2.517126143168366639e+02
2.538672916534406738e+02
2.560579688360360251e+02
2.579043717735892756e+02
2.599338510532543296e+02
2.620687575608692441e+02
2.641240248345311556e+02
2.660467665369418455e+02
2.681518070452944471e+02
2.696927767935352449e+02
2.722261115142803760e+02
2.736360740422871345e+02
2.763242397952833471e+02
2.785263221185485918e+02
2.797412804110016395e+02
2.823799147166216699e+02
2.838522441261982294e+02
2.864495437446263963e+02
2.882166946651101398e+02
2.898775707936910635e+02
2.918770097474194927e+02
2.940459459824875239e+02
2.961109292438920306e+02
2.980056610525822407e+02
2.999054587422714349e+02
3.018926578596180548e+02
3.039900412912810452e+02
3.060479358895619271e+02
3.080160025637191552e+02
3.100862520501736412e+02
3.121384368796664717e+02
3.141827464703578698e+02
3.159820806125127888e+02
3.175561111167911577e+02
3.198588474233100101e+02
3.213517750660531078e+02
3.239461945155108538e+02
3.257401360323331687e+02
3.280593089531544706e+02
3.300801129502774529e+02
3.319449532825958613e+02
3.339148049980551036e+02
3.360703452555110857e+02
3.379443481099730775e+02
3.399517545071579434e+02
3.420063722791046530e+02
3.440329101699420562e+02
3.460568749505931692e+02
3.479936337797484498e+02
3.500207270404304154e+02
3.520438162260713852e+02
3.539389731697274897e+02
3.559660418192380575e+02
3.580801771903460349e+02
3.601049021324383261e+02
3.618930096736085034e+02
3.642358851458013191e+02
3.663723067436823158e+02
3.675775765431318405e+02
3.700084420772481053e+02
3.720357233797673189e+02
3.739835090787037188e+02
3.759122026925322757e+02
3.780788950593587288e+02
3.801430441035084868e+02
3.822461716969788768e+02
3.839994382137922457e+02
3.864222972710304589e+02
3.876198876081903677e+02
3.898580614140391845e+02
3.923424662472105524e+02
3.939288433242002156e+02
3.961150812313189249e+02
3.978827855652504581e+02
3.999000396293341737e+02
4.019888825699658810e+02
4.039301157619682954e+02
4.059723038838729394e+02
4.079494205982607582e+02
4.099368310525047150e+02
4.119839738819357535e+02
4.139361252194797771e+02
4.160765677985500020e+02
4.178447577961612751e+02
4.200724401063112055e+02
4.221358511263171636e+02
4.242066217730820767e+02
4.258286920186995985e+02
4.279628328085547651e+02
4.302157257371480910e+02
4.318820680859906247e+02
4.338811115242542655e+02
4.360290258748891574e+02
4.379281017602062320e+02
4.400829430944154979e+02
4.419655832514325198e+02
4.439364957474957691e+02
4.459587213085306416e+02
4.479244772767779637e+02
4.499514177576153315e+02
4.520904067643512008e+02
4.538481278336187188e+02
4.560518143979526258e+02
4.581325919894248386e+02
4.600320439030630837e+02
4.623830929279806128e+02
4.637282518522009127e+02
4.665265199338338675e+02
4.682916903309832719e+02
4.698572282021821138e+02
4.720048999237018279e+02
4.739790297287876797e+02
4.759428890062725372e+02
4.779806157499834285e+02
4.799560513499915828e+02
4.819587928952284415e+02
4.839978872854473479e+02
4.860161194212534497e+02
4.879957148654182220e+02
4.900366406719167003e+02
4.920303115174062327e+02
4.939683380289160937e+02
4.960409794552309677e+02
4.979353672129574306e+02
5.000442599161755766e+02
5.021000183834465247e+02
5.040694162789087045e+02
5.061465986280819607e+02
5.077333926984174468e+02
5.096854441486343603e+02
5.122570734075878818e+02
5.141185325364953087e+02
5.159061329289039577e+02
5.177724384144305532e+02
5.201717048852366361e+02
5.220988937742569078e+02
5.239593766775952872e+02
5.260794039541792699e+02
5.280504047317963341e+02
5.299716343566130945e+02
5.319887065159554140e+02
5.339055581599360494e+02
5.360116039733250091e+02
5.380373658854020960e+02
5.401138476708912322e+02
5.420303719522164556e+02
5.439127509660057740e+02
5.455852971789081494e+02
5.455852971789081494e+02
5.527289403489817232e+02
5.527289403489817232e+02
5.539944023820268058e+02
5.559232098394986679e+02
5.578423663316226566e+02
5.600326323103456616e+02
5.620721769261484724e+02
5.638638945273088439e+02
5.662474431552144551e+02
5.678234796541258902e+02
5.705677705887384263e+02
5.716489009019369405e+02
5.741822979271603344e+02
5.758719896750499174e+02
5.776905611317073408e+02
5.798024676568008999e+02
5.818740348134210763e+02
5.842555674453985830e+02
5.864051763659472272e+02
5.881086187030546171e+02
5.896779658978089174e+02
5.917123325846536090e+02
5.941922130800106743e+02
5.955964345632945651e+02
5.980964772966189003e+02
5.994608160503731824e+02
6.023872657024131740e+02
6.039483319215750043e+02
6.060464936293593610e+02
6.089981835977838500e+02
6.089981835977838500e+02
6.116133844096153780e+02
6.138726258920021337e+02
6.164863925938705052e+02
6.176355891577337616e+02
6.199127760635850564e+02
6.217632045511727483e+02
6.244737765737471591e+02
6.257097571099228617e+02
6.281235430926142271e+02
6.298835194018693073e+02
6.318603450836800448e+02
6.339960487167169276e+02
6.360011017535057363e+02
6.379837833224485166e+02
6.399563783587807393e+02
6.419769917338209098e+02
6.439790453840039390e+02
6.460556628174256275e+02
6.480487612263972323e+02
6.501089535910591621e+02
6.521396906056917260e+02
6.541520924779997586e+02
6.559359834281533495e+02
6.582149299040903543e+02
6.603343741534997662e+02
6.615387032448783202e+02
6.640764128300174889e+02
6.659562721674421937e+02
6.678699696744567973e+02
6.700503260733771640e+02
6.717783342062364227e+02
6.741922905734368214e+02
6.762164411378357727e+02
6.781152988658895993e+02
6.801239405855436644e+02
6.820634566668496745e+02
6.840358724993185433e+02
6.860442688850836248e+02
6.880189601042951608e+02
6.901005895314978034e+02
6.919707690199371655e+02
6.940834247808624013e+02
6.959927381615631248e+02
6.978093661007611672e+02
6.999321436286211338e+02
7.019275753923704997e+02
7.041138190178114655e+02
7.059296628461031560e+02
7.079916715962234548e+02
7.100651914410618701e+02
7.119390591336726857e+02
7.139504232285971739e+02
7.159959853392973628e+02
7.179940538271542891e+02
7.200298181745592956e+02
7.220271063759277013e+02
7.239476387295704853e+02
7.260316602320227730e+02
7.279765093698918008e+02
7.299639030911077953e+02
7.320533335290112973e+02
7.340359040469569436e+02
7.360162032776223668e+02
7.379979544340642406e+02
7.399686074696469404e+02
7.419687655291711508e+02
7.440083445648220959e+02
7.460648689966014899e+02
7.481144882023324953e+02
7.499326514657930147e+02
7.518819995379965349e+02
7.540329213570420279e+02
7.557798062338642922e+02
7.580952378518559271e+02
7.597433261515617460e+02
7.621051803600507810e+02
7.640507246639283494e+02
7.660521086550231757e+02
7.680482553054342816e+02
7.698649100948948671e+02
7.720437839066463539e+02
7.738183542588501496e+02
7.762746036174711435e+02
7.783441167839266654e+02
7.801787930945434937e+02
7.820103105184443848e+02
7.834455612191534328e+02
7.861567421515239857e+02
7.875432919103005815e+02
7.904018068145137477e+02
7.914965891113535008e+02
7.942645959371204754e+02
7.957660101036452716e+02
7.978967416850165364e+02
8.001508922303257805e+02
8.018660227899180200e+02
8.040236027259738876e+02
8.059161669056605888e+02
8.078644421798669555e+02
8.101488063139833002e+02
8.118899718090428905e+02
8.137004544072426597e+02
8.162327761161050148e+02
8.182931446627409287e+02
8.196096532779305335e+02
8.221671188111937454e+02
8.235042278932818363e+02
8.255274110287233498e+02
8.277694999505333726e+02
8.292289929168074423e+02
8.322190231797569595e+02
8.337991274704249918e+02
8.367715204642606750e+02
8.377926786543953313e+02
8.401624739814102441e+02
8.418394142673403167e+02
8.438482386961792372e+02
8.458270794251434381e+02
8.479910717360667149e+02
8.502716863854329858e+02
8.522979421029682499e+02
8.538222485964223551e+02
8.561480413007624293e+02
8.579257688961143913e+02
8.599527922233645540e+02
8.618585442383424606e+02
8.639507993591990953e+02
8.660481501231270158e+02
8.681457455206926852e+02
8.700315420524315186e+02
8.720435343312911982e+02
8.740006182130136949e+02
8.759397913134922646e+02
8.779622948819131807e+02
8.798737957573371204e+02
8.820830831980457560e+02
8.840003474918435131e+02
8.859414958419545201e+02
8.879956443576355696e+02
8.899275521300775154e+02
8.920020548734803469e+02
8.940700661418499067e+02
8.958963892647909688e+02
8.980941603440435301e+02
8.999713276881656157e+02
9.019970286008639277e+02
9.040167463330069495e+02
9.059346687209075526e+02
